weekday,duration,start_zoneID,started_at
0,557.0,74,2021-07-19 11:33:26
0,1805.0,74,2021-07-19 17:41:01
0,272.0,74,2021-07-19 18:07:32
0,782.0,74,2021-07-05 18:43:43
0,473.0,74,2021-07-12 17:35:40
0,197.0,74,2021-07-05 12:27:21
0,209.0,74,2021-07-12 13:17:25
0,149.0,74,2021-07-12 12:55:54
0,923.0,74,2021-07-26 21:03:30
0,1213.0,74,2021-07-26 17:33:07
0,569.0,74,2021-07-19 17:30:31
0,1532.0,74,2021-07-26 18:29:06
0,148.0,74,2021-07-12 13:07:16
0,355.0,74,2021-07-05 16:25:29
0,700.0,74,2021-07-05 19:57:04
0,1247.0,74,2021-07-12 23:40:56
0,1583.0,74,2021-07-19 10:16:57
0,402.0,74,2021-07-26 04:56:09
0,4687.0,74,2021-07-19 16:54:16
0,138.0,74,2021-07-05 15:52:53
0,1199.0,74,2021-07-05 02:04:11
0,105.0,74,2021-07-26 02:34:25
0,249.0,74,2021-07-12 16:15:30
0,175.0,74,2021-07-12 00:56:41
0,525.0,74,2021-07-19 19:28:35
0,247.0,74,2021-07-12 13:06:02
0,274.0,74,2021-07-12 16:15:19
0,392.0,74,2021-07-12 20:42:55
0,308.0,74,2021-07-05 13:24:51
0,379.0,74,2021-07-19 19:26:14
0,629.0,74,2021-07-19 19:24:37
0,361.0,74,2021-07-19 18:59:49
0,261.0,74,2021-07-26 07:04:14
0,157.0,74,2021-07-05 19:29:12
0,4990.0,74,2021-07-05 17:05:47
0,340.0,74,2021-07-26 18:00:18
0,279.0,74,2021-07-26 19:38:24
0,362.0,74,2021-07-26 13:35:33
0,792.0,74,2021-07-19 14:51:35
0,513.0,74,2021-07-26 15:53:08
0,1141.0,74,2021-07-19 07:38:45
0,584.0,74,2021-07-12 10:35:16
0,559.0,74,2021-07-19 07:21:25
0,1293.0,74,2021-07-26 05:18:51
0,2299.0,74,2021-07-26 14:26:29
0,3010.0,74,2021-07-19 15:21:59
0,377.0,74,2021-07-26 13:50:45
0,2226.0,74,2021-07-19 06:18:49
0,1187.0,74,2021-07-26 17:33:32
0,812.0,74,2021-07-19 22:33:16
0,170.0,74,2021-07-26 09:13:28
0,690.0,74,2021-07-05 10:46:23
0,943.0,74,2021-07-05 13:35:08
0,182.0,74,2021-07-19 16:33:31
0,656.0,74,2021-07-05 10:45:31
0,549.0,74,2021-07-05 16:55:22
0,742.0,74,2021-07-05 17:10:58
0,564.0,74,2021-07-26 17:07:37
0,161.0,74,2021-07-19 07:51:46
0,398.0,74,2021-07-26 08:57:47
0,236.0,74,2021-07-12 07:42:11
0,1180.0,74,2021-07-05 20:28:44
0,345.0,74,2021-07-19 09:52:37
0,287.0,74,2021-07-12 12:43:50
0,405.0,74,2021-07-26 14:11:35
0,290.0,74,2021-07-05 18:36:11
0,295.0,74,2021-07-05 14:43:50
0,493.0,74,2021-07-19 15:09:02
0,364.0,74,2021-07-26 10:40:41
0,172.0,74,2021-07-26 18:26:07
0,712.0,74,2021-07-19 14:10:55
0,156.0,74,2021-07-12 11:23:22
0,156.0,74,2021-07-26 12:35:06
0,149.0,74,2021-07-12 17:28:23
0,2748.0,74,2021-07-19 18:47:53
0,559.0,74,2021-07-12 08:45:47
0,496.0,74,2021-07-12 05:46:35
0,314.0,74,2021-07-19 13:30:06
0,2329.0,74,2021-07-19 15:32:50
0,188.0,74,2021-07-05 17:52:59
0,432.0,74,2021-07-12 15:54:42
0,338.0,74,2021-07-19 12:20:51
0,146.0,74,2021-07-26 17:29:21
0,132.0,74,2021-07-12 09:23:35
0,124.0,74,2021-07-19 07:05:19
0,169.0,74,2021-07-12 20:51:44
0,261.0,74,2021-07-19 20:49:23
0,346.0,74,2021-07-05 17:34:12
0,246.0,74,2021-07-12 05:22:15
0,330.0,74,2021-07-26 09:29:42
0,699.0,74,2021-07-12 17:48:56
0,596.0,74,2021-07-05 23:03:43
0,544.0,74,2021-07-26 12:49:34
0,754.0,74,2021-07-26 13:13:59
0,787.0,74,2021-07-26 11:31:57
0,1570.0,74,2021-07-12 09:01:30
0,818.0,74,2021-07-26 16:01:43
0,977.0,74,2021-07-26 16:18:51
0,700.0,74,2021-07-19 13:35:56
0,924.0,74,2021-07-12 19:17:28
0,409.0,74,2021-07-05 02:03:27
0,380.0,74,2021-07-05 19:36:10
0,424.0,74,2021-07-12 15:52:54
0,372.0,74,2021-07-19 08:32:37
0,376.0,74,2021-07-05 13:57:05
0,426.0,74,2021-07-26 10:59:01
0,288.0,74,2021-07-05 16:01:15
0,258.0,74,2021-07-26 14:32:49
0,329.0,74,2021-07-19 20:18:21
0,334.0,74,2021-07-26 20:08:04
0,4402.0,74,2021-07-05 00:14:58
0,2410.0,74,2021-07-26 15:19:52
0,2477.0,74,2021-07-19 14:56:01
0,697.0,74,2021-07-12 17:19:40
0,3445.0,74,2021-07-19 21:39:13
0,813.0,74,2021-07-05 20:16:15
0,923.0,74,2021-07-05 18:31:49
0,832.0,74,2021-07-05 11:18:12
0,1432.0,74,2021-07-12 21:08:36
0,89996.0,74,2021-07-26 23:18:57
0,371.0,74,2021-07-05 14:48:11
0,962.0,74,2021-07-26 21:47:31
0,643.0,74,2021-07-19 14:27:57
0,1732.0,74,2021-07-05 08:51:28
0,326.0,74,2021-07-26 15:07:52
0,2337.0,74,2021-07-05 20:32:18
0,1807.0,74,2021-07-05 01:37:51
0,615.0,74,2021-07-05 05:42:38
0,486.0,74,2021-07-12 05:47:09
0,1124.0,74,2021-07-26 16:54:15
0,184.0,74,2021-07-19 23:45:54
0,102.0,74,2021-07-26 06:15:26
0,415.0,74,2021-07-19 17:43:19
0,744.0,74,2021-07-26 11:50:59
0,359.0,74,2021-07-05 20:30:08
0,465.0,74,2021-07-12 20:46:25
0,774.0,74,2021-07-19 18:09:35
0,1655.0,74,2021-07-19 09:23:01
0,554.0,74,2021-07-26 08:49:34
0,1143.0,74,2021-07-19 15:17:02
0,1074.0,74,2021-07-05 13:48:24
0,686.0,74,2021-07-26 13:43:22
0,180.0,74,2021-07-19 01:50:32
0,195.0,74,2021-07-19 15:41:13
0,1477.0,74,2021-07-05 10:49:31
0,334.0,74,2021-07-19 19:05:06
0,542.0,74,2021-07-19 13:48:20
0,530.0,74,2021-07-19 14:54:42
0,684.0,74,2021-07-05 10:46:33
0,1240.0,74,2021-07-19 11:05:41
0,826.0,74,2021-07-12 18:55:59
0,143.0,74,2021-07-12 08:35:02
0,2269.0,74,2021-07-12 13:00:32
0,1276.0,74,2021-07-19 10:13:35
0,997.0,74,2021-07-12 01:42:38
0,503.0,74,2021-07-19 17:59:51
0,420.0,74,2021-07-19 13:56:41
0,1090.0,74,2021-07-05 19:04:23
0,384.0,74,2021-07-12 20:22:49
0,983.0,74,2021-07-12 20:39:56
0,1593.0,74,2021-07-05 15:40:47
0,1590.0,74,2021-07-05 15:40:52
0,3361.0,74,2021-07-19 22:39:39
0,998.0,74,2021-07-12 16:03:41
0,1272.0,74,2021-07-05 12:12:17
0,535.0,74,2021-07-05 00:57:32
0,284.0,74,2021-07-19 21:35:20
0,712.0,74,2021-07-26 18:35:37
0,683.0,74,2021-07-19 17:46:42
0,779.0,74,2021-07-12 14:45:29
0,410.0,74,2021-07-05 16:36:59
0,1674.0,74,2021-07-12 10:38:05
0,1664.0,74,2021-07-12 10:38:34
0,1512.0,74,2021-07-26 11:08:12
0,449.0,74,2021-07-05 14:14:54
0,1142.0,74,2021-07-19 18:45:40
0,694.0,74,2021-07-12 12:36:38
0,614.0,74,2021-07-19 07:30:29
0,443.0,74,2021-07-05 06:15:57
0,1520.0,74,2021-07-12 09:42:13
0,1699.0,74,2021-07-26 16:45:33
0,475.0,74,2021-07-12 01:39:24
0,1259.0,74,2021-07-12 09:49:12
0,693.0,74,2021-07-19 18:40:19
0,445.0,74,2021-07-19 20:57:55
0,2152.0,74,2021-07-12 05:53:22
0,843.0,74,2021-07-26 07:57:29
0,880.0,74,2021-07-12 07:30:47
0,1816.0,74,2021-07-12 15:24:12
0,2199.0,74,2021-07-05 17:41:09
0,462.0,74,2021-07-26 15:29:40
0,4707.0,74,2021-07-26 06:43:35
0,1361.0,74,2021-07-26 09:19:17
0,895.0,74,2021-07-26 17:29:25
0,435.0,74,2021-07-12 08:49:37
0,1963.0,74,2021-07-19 14:21:40
0,473.0,74,2021-07-19 12:37:42
0,520.0,74,2021-07-12 16:54:35
0,378.0,74,2021-07-12 20:38:19
0,122.0,74,2021-07-26 21:28:57
0,137.0,74,2021-07-26 09:18:26
0,125.0,74,2021-07-19 22:49:30
0,123.0,74,2021-07-19 08:47:40
0,111.0,74,2021-07-26 13:57:27
0,569.0,74,2021-07-26 19:07:26
0,860.0,74,2021-07-19 19:30:21
0,90.0,74,2021-07-12 18:16:57
0,143.0,74,2021-07-19 14:51:08
0,499.0,74,2021-07-26 14:50:19
0,498.0,74,2021-07-05 14:51:30
0,128.0,74,2021-07-19 13:44:38
0,1381.0,74,2021-07-26 08:14:12
0,142.0,74,2021-07-19 12:34:20
0,1389.0,74,2021-07-12 11:37:06
0,575.0,74,2021-07-26 06:46:41
0,789.0,74,2021-07-26 10:26:15
0,142.0,74,2021-07-05 17:17:37
0,785.0,74,2021-07-26 17:06:24
0,1189.0,74,2021-07-26 18:25:09
0,1705.0,74,2021-07-05 07:43:00
0,544.0,74,2021-07-19 14:58:37
0,672.0,74,2021-07-19 17:46:58
0,665.0,74,2021-07-26 18:05:28
0,397.0,74,2021-07-19 06:09:56
0,743.0,74,2021-07-19 17:57:41
0,412.0,74,2021-07-12 15:54:14
0,962.0,74,2021-07-12 18:17:54
0,921.0,74,2021-07-05 21:22:18
0,541.0,74,2021-07-26 11:25:30
0,313.0,74,2021-07-12 06:36:13
0,439.0,74,2021-07-26 21:12:07
0,4496.0,74,2021-07-26 16:36:48
0,493.0,74,2021-07-19 17:39:29
0,971.0,74,2021-07-12 20:53:24
0,1332.0,74,2021-07-19 08:29:16
0,830.0,74,2021-07-05 15:19:00
0,1130.0,74,2021-07-19 16:17:35
0,1289.0,74,2021-07-19 08:26:34
0,377.0,74,2021-07-12 18:11:34
0,350.0,74,2021-07-26 18:45:00
0,582.0,74,2021-07-12 11:39:42
0,340.0,74,2021-07-19 20:18:50
0,417.0,74,2021-07-19 08:38:10
0,2116.0,74,2021-07-19 18:41:27
0,329.0,74,2021-07-19 18:42:28
0,278.0,74,2021-07-26 16:38:20
0,38.0,74,2021-07-05 20:31:15
0,205.0,74,2021-07-26 17:28:12
0,12.0,74,2021-07-05 11:24:06
0,756.0,74,2021-07-05 17:22:10
0,22.0,74,2021-07-12 18:10:18
0,213.0,74,2021-07-05 12:00:23
0,133.0,74,2021-07-26 14:25:17
0,1029.0,74,2021-07-26 14:36:19
0,1443.0,74,2021-07-19 01:21:06
0,16.0,74,2021-07-26 20:10:07
0,166.0,74,2021-07-12 10:19:19
0,927.0,74,2021-07-26 16:33:55
0,92.0,74,2021-07-12 10:31:46
0,732.0,74,2021-07-19 19:00:53
0,1265.0,74,2021-07-26 18:06:06
0,580.0,74,2021-07-26 15:47:06
0,219.0,74,2021-07-19 07:21:37
0,272.0,74,2021-07-05 14:02:15
0,32.0,74,2021-07-19 06:21:34
0,5342.0,74,2021-07-19 15:58:43
0,57.0,74,2021-07-05 20:50:25
0,64.0,74,2021-07-26 15:57:26
0,49.0,74,2021-07-19 21:40:50
0,2307.0,74,2021-07-19 18:09:02
0,950.0,74,2021-07-26 12:11:23
0,242.0,74,2021-07-26 16:20:27
0,1864.0,74,2021-07-05 18:43:11
0,6.0,74,2021-07-12 19:31:03
0,3009.0,74,2021-07-12 17:36:49
0,1826.0,74,2021-07-26 12:10:50
0,150.0,74,2021-07-05 15:46:41
0,1070.0,74,2021-07-12 11:45:23
0,164.0,74,2021-07-19 05:22:10
0,234.0,74,2021-07-12 13:07:28
0,106.0,74,2021-07-19 08:11:56
0,3380.0,74,2021-07-26 14:18:15
0,8.0,74,2021-07-19 10:54:26
0,1646.0,74,2021-07-12 18:07:52
0,393.0,74,2021-07-19 15:30:51
0,177.0,74,2021-07-26 21:59:29
0,719.0,74,2021-07-05 15:34:04
0,44.0,74,2021-07-19 13:27:36
0,1.0,74,2021-07-12 10:34:43
0,3.0,74,2021-07-19 09:59:48
0,1138.0,74,2021-07-12 12:31:53
0,385.0,74,2021-07-12 17:44:05
0,230.0,74,2021-07-26 11:21:51
0,63.0,74,2021-07-26 22:24:27
0,995.0,74,2021-07-26 19:31:18
0,2108.0,74,2021-07-26 17:16:26
0,530.0,74,2021-07-12 20:27:18
0,335.0,74,2021-07-12 19:45:58
0,90.0,74,2021-07-19 01:03:38
0,997.0,74,2021-07-19 17:55:50
0,1862.0,74,2021-07-05 14:35:35
0,2658.0,74,2021-07-12 16:08:16
0,2045.0,74,2021-07-05 14:31:47
0,527.0,74,2021-07-26 16:49:31
0,778.0,74,2021-07-05 15:50:10
0,676.0,74,2021-07-05 21:09:35
0,859.0,74,2021-07-19 16:12:42
0,667.0,74,2021-07-12 19:12:38
0,760.0,74,2021-07-05 00:30:50
0,598.0,74,2021-07-12 15:04:52
0,3659.0,74,2021-07-12 10:28:47
0,4884.0,74,2021-07-05 17:21:32
0,862.0,74,2021-07-05 13:38:43
0,3623.0,74,2021-07-12 10:29:00
0,857.0,74,2021-07-05 17:25:54
0,711.0,74,2021-07-19 17:15:57
0,1634.0,74,2021-07-05 17:43:35
0,451.0,74,2021-07-26 08:51:17
0,381.0,74,2021-07-12 07:58:17
0,660.0,74,2021-07-26 22:12:07
0,3194.0,74,2021-07-19 09:51:27
0,530.0,74,2021-07-19 12:49:12
0,397.0,74,2021-07-19 12:43:20
0,2640.0,74,2021-07-19 13:42:44
0,111.0,74,2021-07-12 20:18:16
0,1409.0,74,2021-07-12 08:39:35
0,299.0,74,2021-07-12 11:24:24
0,33.0,74,2021-07-19 18:22:03
0,2327.0,74,2021-07-05 22:07:16
0,1436.0,74,2021-07-05 12:01:35
0,772.0,74,2021-07-12 11:48:20
0,1101.0,74,2021-07-12 13:17:27
0,1936.0,74,2021-07-05 19:20:00
0,1938.0,74,2021-07-26 06:47:34
0,1498.0,74,2021-07-12 10:27:59
0,2101.0,74,2021-07-26 15:33:50
0,582.0,74,2021-07-19 07:36:51
0,469.0,74,2021-07-26 00:26:00
0,623.0,74,2021-07-12 14:18:32
0,472.0,74,2021-07-26 00:25:56
0,352.0,74,2021-07-12 10:17:47
0,1002.0,74,2021-07-26 11:58:41
0,968.0,74,2021-07-12 18:40:21
0,441.0,74,2021-07-19 08:42:42
0,792.0,74,2021-07-26 14:03:45
0,495.0,74,2021-07-19 19:58:40
0,791.0,74,2021-07-19 12:04:37
0,911.0,74,2021-07-05 01:40:37
0,766.0,74,2021-07-05 16:59:35
0,534.0,74,2021-07-12 12:27:33
0,774.0,74,2021-07-26 17:06:01
0,1414.0,74,2021-07-05 00:08:55
0,592.0,74,2021-07-26 09:51:42
0,1071.0,74,2021-07-19 16:59:21
0,815.0,74,2021-07-05 20:34:25
0,1004.0,74,2021-07-26 07:57:22
0,829.0,74,2021-07-19 07:55:17
0,761.0,74,2021-07-05 20:38:30
0,580.0,74,2021-07-05 13:49:49
0,1119.0,74,2021-07-05 18:37:48
0,963.0,74,2021-07-12 07:56:17
0,669.0,74,2021-07-12 21:01:59
0,730.0,74,2021-07-05 17:05:37
0,349.0,74,2021-07-05 12:52:21
0,948.0,74,2021-07-19 00:37:34
0,772.0,74,2021-07-05 16:29:06
0,1295.0,74,2021-07-12 17:46:39
0,288.0,74,2021-07-19 16:18:30
0,296.0,74,2021-07-05 21:31:10
0,2601.0,74,2021-07-12 16:16:26
0,491.0,74,2021-07-05 18:50:42
0,1474.0,74,2021-07-26 22:32:49
0,292.0,74,2021-07-26 07:24:55
0,565.0,74,2021-07-26 17:09:48
0,226.0,74,2021-07-05 09:35:03
0,243.0,74,2021-07-26 19:05:44
0,680.0,74,2021-07-12 18:59:34
0,935.0,74,2021-07-26 19:25:36
0,245.0,74,2021-07-19 19:32:37
0,1493.0,74,2021-07-12 19:41:44
0,1238.0,74,2021-07-05 15:40:36
0,208.0,74,2021-07-05 19:07:41
0,196.0,74,2021-07-05 18:42:45
0,260.0,74,2021-07-19 17:23:08
0,217.0,74,2021-07-05 08:14:10
0,298.0,74,2021-07-05 20:25:03
0,104.0,74,2021-07-19 13:36:16
0,288.0,74,2021-07-19 17:44:11
0,273.0,74,2021-07-12 07:41:16
0,119.0,74,2021-07-05 15:49:56
0,210.0,74,2021-07-26 22:19:07
0,153.0,74,2021-07-26 12:11:04
0,178.0,74,2021-07-12 16:30:45
0,108.0,74,2021-07-12 07:27:33
0,169.0,74,2021-07-19 07:40:48
0,104.0,74,2021-07-26 07:03:17
0,1284.0,74,2021-07-12 15:47:41
0,125.0,74,2021-07-19 10:19:35
0,118.0,74,2021-07-26 07:59:01
0,354.0,74,2021-07-26 12:37:55
0,145.0,74,2021-07-26 09:53:45
0,235.0,74,2021-07-05 19:10:57
0,297.0,74,2021-07-05 16:43:44
0,141.0,74,2021-07-19 15:07:40
0,164.0,74,2021-07-05 22:19:30
0,2119.0,74,2021-07-19 15:01:12
0,136.0,74,2021-07-12 11:16:10
0,371.0,74,2021-07-26 20:06:56
0,274.0,74,2021-07-19 15:19:14
0,2841.0,74,2021-07-19 19:43:12
0,322.0,74,2021-07-12 07:26:24
0,481.0,74,2021-07-19 10:56:55
0,302.0,74,2021-07-05 20:15:30
0,1755.0,74,2021-07-26 16:39:11
0,864.0,74,2021-07-12 23:07:57
0,176.0,74,2021-07-19 16:15:34
0,177.0,74,2021-07-19 16:42:52
0,8.0,74,2021-07-05 13:16:02
0,873.0,74,2021-07-05 16:31:36
0,142.0,74,2021-07-05 00:02:40
0,1938.0,74,2021-07-26 19:28:56
0,811.0,74,2021-07-05 07:37:19
0,859.0,74,2021-07-26 19:26:48
0,363.0,74,2021-07-05 10:46:57
0,337.0,74,2021-07-12 13:51:01
0,274.0,74,2021-07-05 20:47:40
0,396.0,74,2021-07-05 12:42:41
0,57.0,74,2021-07-19 06:29:36
0,2056.0,74,2021-07-12 13:21:13
0,388.0,74,2021-07-12 20:23:53
0,174.0,74,2021-07-05 12:30:33
0,558.0,74,2021-07-05 12:19:50
0,195.0,74,2021-07-05 12:43:05
0,317.0,74,2021-07-05 13:19:00
0,1189.0,74,2021-07-12 09:37:19
0,66.0,74,2021-07-05 13:32:13
0,293.0,74,2021-07-26 16:43:49
0,193.0,74,2021-07-12 16:41:20
0,384.0,74,2021-07-26 08:06:45
0,552.0,74,2021-07-19 20:12:00
0,704.0,74,2021-07-05 12:17:28
0,352.0,74,2021-07-05 13:18:43
0,334.0,74,2021-07-05 13:18:48
0,509.0,74,2021-07-05 12:20:55
0,24.0,74,2021-07-05 15:43:06
0,377.0,74,2021-07-12 08:40:31
0,664.0,74,2021-07-26 22:21:24
0,1285.0,74,2021-07-26 17:50:43
0,388.0,74,2021-07-26 16:15:46
0,401.0,74,2021-07-26 18:39:26
0,152.0,74,2021-07-19 13:36:10
0,2469.0,74,2021-07-26 18:13:46
0,133.0,74,2021-07-12 08:32:59
0,316.0,74,2021-07-19 07:32:23
0,2846.0,74,2021-07-19 19:43:08
0,356.0,74,2021-07-26 10:34:39
0,334.0,74,2021-07-12 12:45:30
0,626.0,74,2021-07-26 07:46:58
0,230.0,74,2021-07-26 11:06:10
0,169.0,74,2021-07-26 08:12:43
0,233.0,74,2021-07-26 07:45:37
0,472.0,74,2021-07-19 11:38:04
0,948.0,74,2021-07-19 13:11:35
0,524.0,74,2021-07-05 04:01:25
0,265.0,74,2021-07-26 07:34:39
0,165.0,74,2021-07-26 07:29:33
0,176.0,74,2021-07-05 20:12:53
0,220.0,74,2021-07-12 06:48:10
0,3184.0,74,2021-07-26 23:30:53
0,484.0,74,2021-07-05 16:08:34
0,273.0,74,2021-07-19 06:55:01
0,450.0,74,2021-07-26 13:30:05
0,133.0,74,2021-07-19 20:02:15
0,409.0,74,2021-07-12 20:43:33
0,1721.0,74,2021-07-05 17:30:22
0,90.0,74,2021-07-19 10:29:26
0,370.0,74,2021-07-12 15:06:53
0,30.0,74,2021-07-05 15:59:43
0,274.0,74,2021-07-19 19:42:24
0,143.0,74,2021-07-12 16:41:29
0,824.0,74,2021-07-12 14:12:15
0,17.0,74,2021-07-26 17:21:38
0,1476.0,74,2021-07-19 16:03:36
0,467.0,74,2021-07-05 22:44:52
0,1160.0,74,2021-07-05 22:22:55
0,677.0,74,2021-07-12 18:19:26
0,45.0,74,2021-07-26 19:41:04
0,1480.0,74,2021-07-12 11:52:24
0,486.0,74,2021-07-05 08:50:08
0,683.0,74,2021-07-05 13:11:09
0,466.0,74,2021-07-26 17:54:32
0,961.0,74,2021-07-26 16:27:11
0,612.0,74,2021-07-26 17:12:43
0,795.0,74,2021-07-19 20:24:08
0,529.0,74,2021-07-26 16:25:23
0,251.0,74,2021-07-19 19:28:10
0,241.0,74,2021-07-12 16:40:50
0,296.0,74,2021-07-19 10:20:54
0,255.0,74,2021-07-19 16:28:40
0,526.0,74,2021-07-19 08:05:20
0,810.0,74,2021-07-12 17:31:14
0,474.0,74,2021-07-26 16:33:30
0,2684.0,74,2021-07-19 11:52:59
0,361.0,74,2021-07-26 15:24:52
0,1281.0,74,2021-07-26 09:09:55
0,197.0,74,2021-07-12 08:40:23
0,88.0,74,2021-07-19 08:40:54
0,220.0,74,2021-07-26 11:18:41
0,940.0,74,2021-07-26 16:18:52
0,288.0,74,2021-07-12 13:24:59
0,719.0,74,2021-07-12 14:02:09
0,87.0,74,2021-07-12 17:17:51
0,418.0,74,2021-07-12 18:08:01
0,270.0,74,2021-07-05 12:55:28
0,256.0,74,2021-07-05 02:01:57
0,1738.0,74,2021-07-05 15:28:40
0,416.0,74,2021-07-05 22:03:54
0,2683.0,74,2021-07-19 10:45:02
0,2475.0,74,2021-07-19 11:30:03
0,9.0,74,2021-07-26 07:24:17
0,1292.0,74,2021-07-05 08:27:21
0,262.0,74,2021-07-12 17:08:01
0,2074.0,74,2021-07-26 01:01:48
0,2711.0,74,2021-07-26 23:16:15
0,950.0,74,2021-07-19 02:04:22
0,1397.0,74,2021-07-12 15:30:43
0,760.0,74,2021-07-19 16:19:45
0,1670.0,74,2021-07-19 12:04:13
0,274.0,74,2021-07-05 09:57:10
0,1512.0,74,2021-07-12 09:45:15
0,456.0,74,2021-07-12 15:39:38
0,642.0,74,2021-07-26 21:13:44
0,625.0,74,2021-07-12 11:13:16
0,535.0,74,2021-07-19 09:51:19
0,465.0,74,2021-07-19 07:33:31
0,1088.0,74,2021-07-19 17:59:51
0,1018.0,74,2021-07-26 17:56:22
0,432.0,74,2021-07-05 14:07:20
0,398.0,74,2021-07-26 08:41:20
0,1128.0,74,2021-07-12 11:22:03
0,764.0,74,2021-07-05 11:39:56
0,584.0,74,2021-07-05 13:01:14
0,773.0,74,2021-07-19 15:51:17
0,11035.0,74,2021-07-19 19:30:07
0,984.0,74,2021-07-26 20:01:35
0,200.0,74,2021-07-05 09:25:18
0,426.0,74,2021-07-26 12:33:18
0,259.0,74,2021-07-19 12:31:03
0,331.0,74,2021-07-26 12:34:27
0,113.0,74,2021-07-19 16:21:11
0,743.0,74,2021-07-05 15:42:11
0,1223.0,74,2021-07-05 12:26:44
0,158.0,74,2021-07-19 12:12:29
0,78.0,74,2021-07-12 12:26:59
0,887.0,74,2021-07-12 23:07:57
0,805.0,74,2021-07-19 15:45:30
0,146.0,74,2021-07-12 09:47:30
0,176.0,74,2021-07-26 16:28:50
0,268.0,74,2021-07-05 20:20:37
0,570.0,74,2021-07-12 16:05:18
0,1497.0,74,2021-07-19 15:15:03
0,1469.0,74,2021-07-26 14:33:44
0,215.0,74,2021-07-19 16:29:08
0,445.0,74,2021-07-12 19:53:12
0,448.0,74,2021-07-05 08:56:34
0,254.0,74,2021-07-12 14:21:15
0,1583.0,74,2021-07-05 00:12:04
0,643.0,74,2021-07-26 20:12:05
0,685.0,74,2021-07-05 11:28:14
0,923.0,74,2021-07-05 14:14:54
0,910.0,74,2021-07-05 17:19:01
0,952.0,74,2021-07-05 17:18:25
0,170.0,74,2021-07-05 19:09:11
0,320.0,74,2021-07-26 19:07:46
0,776.0,74,2021-07-19 06:23:44
0,1648.0,74,2021-07-26 10:06:51
0,1256.0,74,2021-07-05 04:33:13
0,968.0,74,2021-07-05 10:02:54
0,2730.0,74,2021-07-05 15:22:30
0,1054.0,74,2021-07-19 04:28:11
0,1980.0,74,2021-07-05 16:27:55
0,847.0,74,2021-07-05 07:35:47
0,2065.0,74,2021-07-05 12:25:43
0,1503.0,74,2021-07-05 10:34:22
0,1518.0,74,2021-07-12 18:06:45
0,961.0,74,2021-07-26 15:17:04
0,1000.0,74,2021-07-12 06:09:46
0,982.0,74,2021-07-05 18:36:51
0,1875.0,74,2021-07-19 09:09:50
0,3027.0,74,2021-07-05 11:45:52
0,2993.0,74,2021-07-05 11:46:41
0,1460.0,74,2021-07-26 05:56:37
0,413.0,74,2021-07-26 05:28:47
0,286.0,74,2021-07-05 12:43:52
0,896.0,74,2021-07-19 18:26:47
0,229.0,74,2021-07-12 18:48:00
0,1900.0,74,2021-07-19 17:21:31
0,542.0,74,2021-07-12 08:06:04
0,670.0,74,2021-07-05 14:31:33
0,637.0,74,2021-07-19 12:11:21
0,236.0,74,2021-07-26 17:02:18
0,881.0,74,2021-07-19 16:18:52
0,574.0,74,2021-07-19 16:46:58
0,670.0,74,2021-07-26 10:00:38
0,271.0,74,2021-07-12 15:13:33
0,74.0,74,2021-07-19 13:15:16
0,3103.0,74,2021-07-05 19:55:12
0,284.0,74,2021-07-26 21:01:08
0,190.0,74,2021-07-26 21:09:50
0,207.0,74,2021-07-05 17:25:03
0,419.0,74,2021-07-19 17:20:01
0,253.0,74,2021-07-26 14:25:50
0,313.0,74,2021-07-19 07:41:19
0,200.0,74,2021-07-19 21:00:34
0,735.0,74,2021-07-19 18:36:29
0,536.0,74,2021-07-05 16:10:24
0,1739.0,74,2021-07-12 22:35:27
0,328.0,74,2021-07-19 16:05:47
0,429.0,74,2021-07-05 19:57:29
0,209.0,74,2021-07-19 07:03:34
0,1452.0,74,2021-07-12 07:59:43
0,142.0,74,2021-07-05 17:19:31
0,388.0,74,2021-07-05 18:25:39
0,259.0,74,2021-07-26 16:14:20
0,146.0,74,2021-07-12 08:25:31
0,215.0,74,2021-07-26 08:33:03
0,384.0,74,2021-07-26 06:18:30
0,389.0,74,2021-07-12 19:32:33
0,1724.0,74,2021-07-26 12:49:43
0,1400.0,74,2021-07-19 02:21:53
0,457.0,74,2021-07-26 04:13:00
0,538.0,74,2021-07-19 06:41:49
0,439.0,74,2021-07-05 20:25:31
0,747.0,74,2021-07-12 11:40:16
0,521.0,74,2021-07-12 10:40:13
0,591.0,74,2021-07-26 19:06:11
0,300.0,74,2021-07-05 18:07:13
0,804.0,74,2021-07-26 10:43:02
0,599.0,74,2021-07-19 17:39:39
0,164.0,74,2021-07-26 20:03:29
0,2494.0,74,2021-07-05 13:41:02
0,694.0,74,2021-07-26 16:05:58
0,1296.0,74,2021-07-05 14:34:20
0,371.0,74,2021-07-19 19:45:55
0,685.0,74,2021-07-26 09:53:16
0,707.0,74,2021-07-12 09:52:11
0,920.0,74,2021-07-12 09:18:42
0,689.0,74,2021-07-19 12:23:13
0,1062.0,74,2021-07-19 10:34:26
0,462.0,74,2021-07-19 06:54:37
0,486.0,74,2021-07-26 06:58:57
0,479.0,74,2021-07-12 09:01:55
0,721.0,74,2021-07-26 11:00:57
0,1357.0,74,2021-07-12 21:24:37
0,986.0,74,2021-07-26 14:47:18
0,1092.0,74,2021-07-05 11:11:54
0,971.0,74,2021-07-19 11:35:16
0,1848.0,74,2021-07-19 09:05:26
0,348.0,74,2021-07-26 19:25:28
0,1249.0,74,2021-07-19 03:32:53
0,1111.0,74,2021-07-19 08:28:07
0,1501.0,74,2021-07-12 17:31:44
0,2068.0,74,2021-07-05 10:58:36
0,201.0,74,2021-07-05 06:57:54
0,269.0,74,2021-07-12 11:30:28
0,902.0,74,2021-07-05 20:49:57
0,309.0,74,2021-07-12 01:06:41
0,1054.0,74,2021-07-12 15:18:49
0,221.0,74,2021-07-19 09:17:57
0,1439.0,74,2021-07-12 17:34:49
0,944.0,74,2021-07-05 15:24:15
0,610.0,74,2021-07-05 12:08:09
0,335.0,74,2021-07-26 11:54:29
0,1110.0,74,2021-07-26 10:54:19
0,249.0,74,2021-07-26 16:14:20
0,1154.0,74,2021-07-19 19:19:58
0,275.0,74,2021-07-12 14:51:00
0,1798.0,74,2021-07-26 18:36:11
0,1692.0,74,2021-07-12 23:54:53
0,589.0,74,2021-07-26 16:20:43
0,527.0,74,2021-07-19 11:22:03
0,704.0,74,2021-07-26 16:12:10
0,159.0,74,2021-07-05 20:51:21
0,233.0,74,2021-07-26 22:59:49
0,383.0,74,2021-07-12 17:26:31
0,110.0,74,2021-07-19 21:42:04
0,125.0,74,2021-07-05 15:39:56
0,802.0,74,2021-07-05 14:17:50
0,4346.0,74,2021-07-26 16:17:42
0,517.0,74,2021-07-19 19:57:12
0,3031.0,74,2021-07-12 14:21:04
0,89.0,74,2021-07-19 20:29:35
0,324.0,74,2021-07-26 19:03:47
0,30.0,74,2021-07-19 13:11:00
0,1699.0,74,2021-07-19 18:21:30
0,1488.0,74,2021-07-05 21:01:09
0,298.0,74,2021-07-12 19:38:48
0,184.0,74,2021-07-12 07:01:36
0,21.0,74,2021-07-26 17:57:05
0,389.0,74,2021-07-26 14:12:47
0,2981.0,74,2021-07-26 13:59:51
0,21.0,74,2021-07-12 18:39:25
0,1406.0,74,2021-07-19 10:12:56
0,582.0,74,2021-07-26 20:39:43
0,422.0,74,2021-07-05 02:56:10
0,811.0,74,2021-07-26 14:26:11
0,1454.0,74,2021-07-26 22:23:08
0,554.0,74,2021-07-26 17:56:24
0,269.0,74,2021-07-05 15:33:14
0,1484.0,74,2021-07-12 16:45:36
0,214.0,74,2021-07-12 21:49:45
0,108.0,74,2021-07-12 19:12:58
0,228.0,74,2021-07-19 23:55:52
0,177.0,74,2021-07-12 14:59:18
0,765.0,74,2021-07-19 09:59:52
0,1754.0,74,2021-07-26 15:25:03
0,407.0,74,2021-07-12 19:19:51
0,543.0,74,2021-07-05 18:37:40
0,332.0,74,2021-07-19 17:12:03
0,746.0,74,2021-07-12 16:14:47
0,2519.0,74,2021-07-05 18:55:16
0,533.0,74,2021-07-26 08:48:54
0,356.0,74,2021-07-05 19:42:00
0,1291.0,74,2021-07-12 11:48:57
0,615.0,74,2021-07-12 14:27:00
0,517.0,74,2021-07-12 07:52:05
0,1261.0,74,2021-07-19 16:50:04
0,1821.0,74,2021-07-26 12:08:34
0,552.0,74,2021-07-19 22:10:04
0,1562.0,74,2021-07-19 02:40:05
0,2056.0,74,2021-07-26 19:04:10
0,531.0,74,2021-07-05 09:46:45
0,442.0,74,2021-07-19 12:59:42
0,428.0,74,2021-07-26 17:23:35
0,568.0,74,2021-07-19 17:59:44
0,2713.0,74,2021-07-26 18:53:14
0,200.0,74,2021-07-12 19:30:40
0,232.0,74,2021-07-19 10:15:34
0,1532.0,74,2021-07-26 08:21:17
0,329.0,74,2021-07-19 07:27:54
0,398.0,74,2021-07-26 08:34:15
0,560.0,74,2021-07-19 18:39:15
0,473.0,74,2021-07-26 21:50:16
0,323.0,74,2021-07-12 17:53:48
0,1003.0,74,2021-07-05 23:00:04
0,1295.0,74,2021-07-05 13:25:37
0,931.0,74,2021-07-19 11:03:13
0,2040.0,74,2021-07-26 07:56:58
0,451.0,74,2021-07-05 12:22:52
0,531.0,74,2021-07-05 09:33:09
0,2064.0,74,2021-07-12 07:55:09
0,798.0,74,2021-07-12 18:35:13
0,2210.0,74,2021-07-19 07:55:20
0,1830.0,74,2021-07-19 11:46:41
0,444.0,74,2021-07-12 19:10:27
0,741.0,74,2021-07-26 11:41:03
0,1276.0,74,2021-07-12 23:25:48
0,721.0,74,2021-07-12 08:28:28
0,460.0,74,2021-07-26 17:11:33
0,202.0,74,2021-07-19 19:06:44
0,211.0,74,2021-07-26 17:22:38
0,394.0,74,2021-07-05 19:16:41
0,651.0,74,2021-07-26 16:23:08
0,884.0,74,2021-07-05 16:10:32
0,802.0,74,2021-07-05 16:42:42
0,597.0,74,2021-07-19 16:38:55
0,327.0,74,2021-07-26 14:06:27
0,556.0,74,2021-07-12 17:23:20
0,991.0,74,2021-07-05 20:14:44
0,709.0,74,2021-07-12 14:07:16
0,422.0,74,2021-07-12 10:03:09
0,213.0,74,2021-07-12 09:25:31
0,590.0,74,2021-07-19 16:46:20
0,1684.0,74,2021-07-19 06:39:59
0,688.0,74,2021-07-19 15:57:40
0,521.0,74,2021-07-19 17:07:18
0,845.0,74,2021-07-19 19:06:58
0,716.0,74,2021-07-12 19:04:46
0,537.0,74,2021-07-12 12:22:07
0,272.0,74,2021-07-19 04:41:38
0,812.0,74,2021-07-26 18:45:55
0,1177.0,74,2021-07-19 15:16:19
0,1466.0,74,2021-07-19 17:50:32
0,870.0,74,2021-07-05 20:48:33
0,2003.0,74,2021-07-05 17:58:37
0,1493.0,74,2021-07-19 17:33:07
0,422.0,74,2021-07-26 07:00:33
0,435.0,74,2021-07-12 08:35:11
0,814.0,74,2021-07-05 16:50:11
0,504.0,74,2021-07-26 19:05:32
0,556.0,74,2021-07-05 10:56:27
0,727.0,74,2021-07-26 17:11:09
0,298.0,74,2021-07-19 17:08:03
0,237.0,74,2021-07-12 17:04:44
0,379.0,74,2021-07-05 14:00:23
0,1853.0,74,2021-07-19 20:37:17
0,348.0,74,2021-07-26 08:07:48
0,244.0,74,2021-07-19 10:22:16
0,234.0,74,2021-07-05 12:36:01
0,776.0,74,2021-07-12 13:34:39
0,2310.0,74,2021-07-26 05:57:58
0,2821.0,74,2021-07-26 16:23:36
0,735.0,74,2021-07-26 11:21:01
0,529.0,74,2021-07-12 20:20:27
0,148.0,74,2021-07-19 12:00:22
0,186.0,74,2021-07-19 07:49:13
0,927.0,74,2021-07-26 23:46:35
0,501.0,74,2021-07-12 17:38:40
0,571.0,74,2021-07-12 08:25:46
0,521.0,74,2021-07-19 12:34:26
0,526.0,74,2021-07-05 13:24:58
0,516.0,74,2021-07-05 15:16:07
0,233.0,74,2021-07-26 13:08:04
0,280.0,74,2021-07-05 15:52:52
0,519.0,74,2021-07-05 13:21:59
0,177.0,74,2021-07-12 17:27:38
0,11086.0,74,2021-07-19 19:28:33
0,1283.0,74,2021-07-19 17:40:48
0,2703.0,74,2021-07-12 12:44:36
0,596.0,74,2021-07-26 08:14:08
0,1826.0,74,2021-07-05 12:31:23
0,790.0,74,2021-07-12 22:49:47
0,1035.0,74,2021-07-26 22:37:40
0,1726.0,74,2021-07-05 13:33:19
0,612.0,74,2021-07-12 21:54:28
0,2691.0,74,2021-07-19 14:15:14
0,558.0,74,2021-07-12 07:01:46
0,2131.0,74,2021-07-12 19:37:32
0,2274.0,74,2021-07-12 15:14:52
0,1209.0,74,2021-07-12 07:32:37
0,1099.0,74,2021-07-19 15:29:41
0,503.0,74,2021-07-12 21:09:05
0,1419.0,74,2021-07-26 12:05:28
0,1430.0,74,2021-07-12 13:05:58
0,695.0,74,2021-07-05 15:37:34
0,2118.0,74,2021-07-19 07:30:45
0,911.0,74,2021-07-19 14:51:47
0,2086.0,74,2021-07-12 18:18:47
0,887.0,74,2021-07-19 17:38:05
0,2273.0,74,2021-07-26 20:45:48
0,1600.0,74,2021-07-12 00:03:39
0,634.0,74,2021-07-05 13:33:49
0,572.0,74,2021-07-05 07:38:20
0,1516.0,74,2021-07-19 10:11:38
0,497.0,74,2021-07-19 20:31:34
0,214.0,74,2021-07-26 16:25:29
0,833.0,74,2021-07-26 16:53:07
0,1147.0,74,2021-07-19 08:54:21
0,371.0,74,2021-07-19 08:22:35
0,446.0,74,2021-07-26 09:17:31
0,596.0,74,2021-07-26 08:13:55
0,502.0,74,2021-07-26 19:13:50
0,470.0,74,2021-07-19 07:51:24
0,847.0,74,2021-07-12 11:53:02
0,476.0,74,2021-07-12 07:54:22
0,400.0,74,2021-07-26 21:25:36
0,972.0,74,2021-07-26 10:50:38
0,1414.0,74,2021-07-26 09:35:26
0,879.0,74,2021-07-12 20:02:14
0,748.0,74,2021-07-12 21:05:50
0,1215.0,74,2021-07-19 19:20:54
0,1215.0,74,2021-07-19 14:37:07
0,225.0,74,2021-07-19 17:06:39
0,279.0,74,2021-07-26 19:37:59
0,336.0,74,2021-07-26 12:20:28
0,137.0,74,2021-07-26 14:59:53
0,556.0,74,2021-07-26 07:32:07
0,233.0,74,2021-07-19 14:49:24
0,1550.0,74,2021-07-19 11:30:45
0,415.0,74,2021-07-05 09:44:06
0,552.0,74,2021-07-26 17:47:56
0,152.0,74,2021-07-05 18:22:03
0,157.0,74,2021-07-19 16:08:53
0,225.0,74,2021-07-12 01:38:06
0,272.0,74,2021-07-26 19:33:13
0,647.0,74,2021-07-12 19:13:35
0,541.0,74,2021-07-26 00:08:42
0,2424.0,74,2021-07-12 11:18:48
0,107.0,74,2021-07-19 12:21:27
0,387.0,74,2021-07-26 12:52:36
0,887.0,74,2021-07-19 20:06:50
0,300.0,74,2021-07-19 21:13:15
0,268.0,74,2021-07-12 15:45:14
0,1232.0,74,2021-07-26 10:30:30
0,313.0,74,2021-07-05 11:18:12
0,1454.0,74,2021-07-05 13:02:36
0,413.0,74,2021-07-05 07:59:39
0,423.0,74,2021-07-19 22:01:52
0,397.0,74,2021-07-26 21:29:33
0,344.0,74,2021-07-26 08:49:38
0,766.0,74,2021-07-05 11:54:52
0,323.0,74,2021-07-19 03:45:05
0,347.0,74,2021-07-19 08:13:01
0,403.0,74,2021-07-19 13:41:46
0,2677.0,74,2021-07-19 18:57:01
0,772.0,74,2021-07-19 21:28:06
0,687.0,74,2021-07-26 18:39:19
0,330.0,74,2021-07-05 20:44:00
0,1873.0,74,2021-07-26 16:28:29
0,1547.0,74,2021-07-05 18:25:57
0,309.0,74,2021-07-05 12:06:33
0,391.0,74,2021-07-19 08:08:29
0,462.0,74,2021-07-19 17:24:16
0,620.0,74,2021-07-05 14:52:27
0,1918.0,74,2021-07-26 19:59:44
0,657.0,74,2021-07-26 22:17:32
0,443.0,74,2021-07-12 16:11:11
0,358.0,74,2021-07-26 08:11:41
0,569.0,74,2021-07-26 21:25:30
0,507.0,74,2021-07-05 15:49:02
0,39.0,74,2021-07-19 11:58:21
0,966.0,74,2021-07-12 09:03:12
0,600.0,74,2021-07-19 15:53:26
0,4016.0,74,2021-07-26 18:35:52
0,45.0,74,2021-07-19 09:22:08
0,13.0,74,2021-07-12 21:12:59
0,40.0,74,2021-07-19 12:33:19
0,765.0,74,2021-07-26 15:31:56
0,2279.0,74,2021-07-12 16:25:57
0,441.0,74,2021-07-12 17:46:29
0,1329.0,74,2021-07-26 08:13:06
0,479.0,74,2021-07-26 22:49:39
0,473.0,74,2021-07-19 07:25:04
0,462.0,74,2021-07-26 20:16:33
0,413.0,74,2021-07-12 09:01:35
0,338.0,74,2021-07-26 20:11:17
0,339.0,74,2021-07-19 18:25:18
0,317.0,74,2021-07-05 08:17:25
0,624.0,74,2021-07-12 08:05:22
0,457.0,74,2021-07-26 07:57:52
0,355.0,74,2021-07-19 08:56:13
0,504.0,74,2021-07-19 12:52:17
0,686.0,74,2021-07-26 08:13:12
0,606.0,74,2021-07-12 09:35:56
0,388.0,74,2021-07-05 23:53:19
0,475.0,74,2021-07-12 07:44:00
0,369.0,74,2021-07-12 11:17:26
0,371.0,74,2021-07-26 17:23:12
0,342.0,74,2021-07-12 18:09:30
0,673.0,74,2021-07-19 08:17:07
0,571.0,74,2021-07-26 07:32:07
0,476.0,74,2021-07-26 20:42:24
0,2134.0,74,2021-07-19 03:10:23
0,344.0,74,2021-07-05 10:46:15
0,495.0,74,2021-07-12 07:05:03
0,494.0,74,2021-07-26 07:18:17
0,598.0,74,2021-07-26 17:48:38
0,528.0,74,2021-07-12 07:12:51
0,361.0,74,2021-07-05 18:56:28
0,436.0,74,2021-07-12 13:11:57
0,637.0,74,2021-07-05 15:33:56
0,1039.0,74,2021-07-12 10:16:08
0,892.0,74,2021-07-19 12:08:31
0,643.0,74,2021-07-26 10:35:44
0,563.0,74,2021-07-26 09:39:03
0,555.0,74,2021-07-19 09:16:44
0,1586.0,74,2021-07-26 08:28:25
0,1113.0,74,2021-07-26 16:06:39
0,291.0,74,2021-07-26 16:57:55
0,777.0,74,2021-07-05 20:38:18
0,2125.0,74,2021-07-19 09:29:46
0,2051.0,74,2021-07-12 09:27:44
0,777.0,74,2021-07-12 11:47:36
0,902.0,74,2021-07-26 12:06:27
0,687.0,74,2021-07-19 12:25:02
0,2172.0,74,2021-07-26 17:55:42
0,627.0,74,2021-07-26 20:15:58
0,1266.0,74,2021-07-19 16:48:48
0,462.0,74,2021-07-12 13:37:06
0,1131.0,74,2021-07-19 17:20:49
0,1598.0,74,2021-07-19 14:57:52
0,191.0,74,2021-07-12 17:59:32
0,858.0,74,2021-07-19 06:52:35
0,854.0,74,2021-07-05 12:42:24
0,298.0,74,2021-07-05 05:57:02
0,299.0,74,2021-07-26 19:51:32
0,948.0,74,2021-07-19 20:37:59
0,3569.0,74,2021-07-05 10:44:48
0,383.0,74,2021-07-05 05:40:14
0,1309.0,74,2021-07-05 15:46:43
0,1603.0,74,2021-07-12 15:03:41
0,49.0,74,2021-07-12 12:53:21
0,1216.0,74,2021-07-12 17:21:29
0,439.0,74,2021-07-26 12:47:20
0,161.0,74,2021-07-19 19:13:44
0,253.0,74,2021-07-19 15:45:32
0,1937.0,74,2021-07-19 19:10:19
0,707.0,74,2021-07-12 17:21:27
0,351.0,74,2021-07-12 19:05:44
0,327.0,74,2021-07-26 19:52:50
0,567.0,74,2021-07-12 16:34:07
0,3005.0,74,2021-07-05 16:40:02
0,394.0,74,2021-07-26 22:25:36
0,2832.0,74,2021-07-19 21:00:13
0,44.0,74,2021-07-19 20:58:24
0,536.0,74,2021-07-19 21:56:24
0,12.0,74,2021-07-19 20:59:40
0,57.0,74,2021-07-12 14:33:33
0,69.0,74,2021-07-12 14:22:48
0,49.0,74,2021-07-12 14:09:07
0,2602.0,74,2021-07-19 14:56:42
0,907.0,74,2021-07-26 17:33:29
0,390.0,74,2021-07-05 21:11:53
0,692.0,74,2021-07-19 23:01:33
0,1348.0,74,2021-07-05 15:04:59
0,11.0,74,2021-07-12 13:51:21
0,4183.0,74,2021-07-26 09:58:20
0,133.0,74,2021-07-19 20:52:16
0,919.0,74,2021-07-19 18:35:04
0,179.0,74,2021-07-05 18:14:37
0,313.0,74,2021-07-05 12:39:00
0,881.0,74,2021-07-19 17:49:44
0,3334.0,74,2021-07-12 14:02:57
0,1286.0,74,2021-07-12 15:41:19
0,631.0,74,2021-07-19 18:18:20
0,315.0,74,2021-07-05 12:20:51
0,92.0,74,2021-07-26 18:17:41
0,440.0,74,2021-07-05 00:17:59
0,140.0,74,2021-07-12 21:01:21
0,120.0,74,2021-07-05 15:59:08
0,3755.0,74,2021-07-26 17:31:13
0,1616.0,74,2021-07-12 15:35:39
0,272.0,74,2021-07-19 07:35:25
0,516.0,74,2021-07-19 09:46:06
0,339.0,74,2021-07-05 20:36:12
0,275.0,74,2021-07-12 19:37:15
0,1028.0,74,2021-07-12 21:36:02
0,1065.0,74,2021-07-12 21:35:26
0,1069.0,74,2021-07-12 21:35:08
0,1085.0,74,2021-07-12 21:35:05
0,347.0,74,2021-07-12 12:06:16
0,346.0,74,2021-07-12 12:46:00
0,827.0,74,2021-07-26 20:33:25
0,538.0,74,2021-07-19 17:35:43
0,1241.0,74,2021-07-19 11:57:35
0,2723.0,74,2021-07-05 18:53:54
0,6.0,74,2021-07-26 21:51:37
0,70.0,74,2021-07-19 12:47:24
0,176.0,74,2021-07-05 06:16:15
0,621.0,74,2021-07-12 05:57:52
0,176.0,74,2021-07-12 19:32:27
0,739.0,74,2021-07-19 05:57:40
0,8154.0,74,2021-07-19 17:39:26
0,212.0,74,2021-07-19 19:40:09
0,199.0,74,2021-07-19 20:44:45
0,1596.0,74,2021-07-12 15:20:16
0,1189.0,74,2021-07-26 20:14:50
0,2248.0,74,2021-07-26 09:09:51
0,398.0,74,2021-07-12 21:52:04
0,461.0,74,2021-07-05 06:43:33
0,528.0,74,2021-07-26 15:32:21
0,713.0,74,2021-07-05 11:24:45
0,379.0,74,2021-07-12 08:59:41
0,879.0,74,2021-07-19 12:43:17
0,2867.0,74,2021-07-26 09:06:34
0,533.0,74,2021-07-26 17:35:31
0,2390.0,74,2021-07-05 22:21:08
0,456.0,74,2021-07-19 08:42:41
0,573.0,74,2021-07-26 08:35:58
0,240.0,74,2021-07-26 07:58:18
0,256.0,74,2021-07-12 14:16:44
0,778.0,74,2021-07-26 09:52:17
0,894.0,74,2021-07-12 19:34:30
0,2060.0,74,2021-07-05 16:30:18
0,576.0,74,2021-07-05 14:23:59
0,394.0,74,2021-07-19 10:54:45
0,561.0,74,2021-07-12 11:49:11
0,428.0,74,2021-07-19 00:10:02
0,578.0,74,2021-07-12 17:22:53
0,498.0,74,2021-07-05 19:37:40
0,433.0,74,2021-07-19 14:02:04
0,1525.0,74,2021-07-05 22:38:22
0,2428.0,74,2021-07-26 11:41:51
0,479.0,74,2021-07-26 17:31:02
0,524.0,74,2021-07-26 18:45:10
0,591.0,74,2021-07-19 18:22:57
0,2932.0,74,2021-07-19 10:56:10
0,668.0,74,2021-07-26 08:09:22
0,394.0,74,2021-07-12 05:32:20
0,548.0,74,2021-07-12 09:14:32
0,534.0,74,2021-07-12 12:01:59
0,565.0,74,2021-07-26 15:46:55
0,288.0,74,2021-07-12 15:54:27
0,546.0,74,2021-07-05 09:50:25
0,468.0,74,2021-07-05 00:37:04
0,645.0,74,2021-07-26 16:20:48
0,1499.0,74,2021-07-05 11:19:47
0,885.0,74,2021-07-26 10:19:08
0,784.0,74,2021-07-26 17:48:24
0,1028.0,74,2021-07-19 10:22:21
0,1024.0,74,2021-07-05 07:15:58
0,1625.0,74,2021-07-26 08:48:02
0,544.0,74,2021-07-19 23:56:10
0,1022.0,74,2021-07-19 07:11:45
0,538.0,74,2021-07-12 21:32:48
0,365.0,74,2021-07-05 11:34:44
0,935.0,74,2021-07-26 08:41:57
0,794.0,74,2021-07-19 20:19:36
0,598.0,74,2021-07-12 09:05:44
0,989.0,74,2021-07-12 11:02:38
0,1364.0,74,2021-07-19 15:10:22
0,954.0,74,2021-07-05 18:24:43
0,1276.0,74,2021-07-19 06:50:55
0,1911.0,74,2021-07-19 21:30:16
0,687.0,74,2021-07-26 11:11:49
0,1023.0,74,2021-07-19 10:56:38
0,915.0,74,2021-07-26 10:56:47
0,2741.0,74,2021-07-19 22:22:21
0,2918.0,74,2021-07-12 19:35:31
0,3371.0,74,2021-07-26 07:40:04
0,536.0,74,2021-07-12 06:34:59
0,592.0,74,2021-07-19 12:03:28
0,569.0,74,2021-07-05 11:41:03
0,468.0,74,2021-07-12 05:33:15
0,770.0,74,2021-07-26 09:13:23
0,564.0,74,2021-07-26 09:05:53
0,2133.0,74,2021-07-05 18:52:04
0,1737.0,74,2021-07-26 14:26:20
0,338.0,74,2021-07-05 16:49:12
0,237.0,74,2021-07-05 15:26:40
0,352.0,74,2021-07-26 13:55:58
0,331.0,74,2021-07-19 22:34:49
0,1165.0,74,2021-07-12 14:26:07
0,380.0,74,2021-07-05 00:55:13
0,298.0,74,2021-07-12 16:33:48
0,1167.0,74,2021-07-12 08:27:55
0,142.0,74,2021-07-26 16:49:27
0,496.0,74,2021-07-26 07:45:42
0,124.0,74,2021-07-05 20:21:35
0,84.0,74,2021-07-19 00:45:03
0,68.0,74,2021-07-26 10:18:24
0,2683.0,74,2021-07-19 21:29:49
0,135.0,74,2021-07-12 10:07:06
0,98.0,74,2021-07-05 18:31:00
0,64.0,74,2021-07-05 13:24:32
0,2661.0,74,2021-07-19 21:30:11
0,251.0,74,2021-07-26 18:28:58
0,162.0,74,2021-07-05 13:04:43
0,692.0,74,2021-07-19 20:42:36
0,538.0,74,2021-07-05 01:47:44
0,643.0,74,2021-07-26 12:52:30
0,265.0,74,2021-07-05 02:59:44
0,193.0,74,2021-07-19 20:54:22
0,165.0,74,2021-07-12 18:00:32
0,221.0,74,2021-07-12 12:58:00
0,971.0,74,2021-07-19 00:29:55
0,211.0,74,2021-07-19 08:17:39
0,180.0,74,2021-07-12 16:46:36
0,439.0,74,2021-07-12 08:11:44
0,197.0,74,2021-07-26 08:19:17
0,168.0,74,2021-07-26 15:09:15
0,223.0,74,2021-07-19 18:50:17
0,256.0,74,2021-07-19 16:51:16
0,131.0,74,2021-07-19 18:44:24
0,1428.0,74,2021-07-05 18:58:19
0,390.0,74,2021-07-05 09:23:04
0,439.0,74,2021-07-26 18:51:20
0,260.0,74,2021-07-05 02:59:42
0,286.0,74,2021-07-05 02:59:29
0,292.0,74,2021-07-26 11:37:23
0,259.0,74,2021-07-05 23:57:25
0,300.0,74,2021-07-19 18:20:04
0,214.0,74,2021-07-12 17:02:35
0,525.0,74,2021-07-26 13:04:51
0,426.0,74,2021-07-12 20:07:17
0,2480.0,74,2021-07-19 04:24:00
0,670.0,74,2021-07-26 16:20:19
0,595.0,74,2021-07-05 00:29:53
0,1048.0,74,2021-07-05 14:55:41
0,1546.0,74,2021-07-19 16:33:23
0,536.0,74,2021-07-19 08:07:16
0,8596.0,74,2021-07-12 12:30:33
0,530.0,74,2021-07-12 10:54:51
0,948.0,74,2021-07-05 12:55:46
0,488.0,74,2021-07-26 09:38:41
0,998.0,74,2021-07-26 13:03:09
0,400.0,74,2021-07-05 11:41:18
0,474.0,74,2021-07-05 09:08:48
0,371.0,74,2021-07-12 09:13:36
0,761.0,74,2021-07-12 09:31:37
0,406.0,74,2021-07-19 09:12:46
0,2223.0,74,2021-07-05 13:08:48
0,827.0,74,2021-07-12 06:33:13
0,301.0,74,2021-07-05 16:57:34
0,1699.0,74,2021-07-19 13:56:28
0,621.0,74,2021-07-05 09:20:32
0,523.0,74,2021-07-19 13:23:42
0,295.0,74,2021-07-05 16:20:30
0,555.0,74,2021-07-19 10:00:50
0,273.0,74,2021-07-19 11:02:15
0,469.0,74,2021-07-19 19:34:03
0,598.0,74,2021-07-05 19:13:57
0,351.0,74,2021-07-19 21:17:17
0,766.0,74,2021-07-26 13:38:49
0,320.0,74,2021-07-12 18:26:35
0,454.0,74,2021-07-26 18:47:59
0,589.0,74,2021-07-12 10:01:29
0,1319.0,74,2021-07-26 15:27:02
0,482.0,74,2021-07-19 06:03:52
0,487.0,74,2021-07-26 06:07:55
0,452.0,74,2021-07-12 19:57:21
0,1046.0,74,2021-07-05 23:00:10
0,729.0,74,2021-07-26 02:26:38
0,490.0,74,2021-07-19 22:21:16
0,2769.0,74,2021-07-26 16:39:03
0,381.0,74,2021-07-26 09:34:18
0,422.0,74,2021-07-26 12:18:10
0,314.0,74,2021-07-05 15:44:23
0,1858.0,74,2021-07-12 16:52:07
0,384.0,74,2021-07-05 09:35:13
0,453.0,74,2021-07-26 13:15:24
0,498.0,74,2021-07-19 09:52:58
0,1227.0,74,2021-07-12 19:56:01
0,615.0,74,2021-07-26 16:26:02
0,1228.0,74,2021-07-12 19:56:03
0,545.0,74,2021-07-05 13:42:49
0,709.0,74,2021-07-19 17:04:53
0,2623.0,74,2021-07-19 12:59:25
0,759.0,74,2021-07-26 20:53:29
0,518.0,74,2021-07-26 10:26:04
0,861.0,74,2021-07-19 19:15:48
0,913.0,74,2021-07-05 15:27:02
0,409.0,74,2021-07-19 14:07:41
0,273.0,74,2021-07-12 01:11:28
0,1350.0,74,2021-07-26 14:48:31
0,1329.0,74,2021-07-05 09:02:02
0,1373.0,74,2021-07-12 17:34:48
0,2352.0,74,2021-07-12 14:22:42
0,391.0,74,2021-07-26 16:36:32
0,784.0,74,2021-07-05 15:46:38
0,2691.0,74,2021-07-26 12:14:00
0,552.0,74,2021-07-05 12:47:22
0,420.0,74,2021-07-19 06:08:07
0,513.0,74,2021-07-05 22:11:06
0,714.0,74,2021-07-05 22:36:59
0,378.0,74,2021-07-19 18:09:54
0,749.0,74,2021-07-26 19:40:51
0,340.0,74,2021-07-12 08:31:12
0,570.0,74,2021-07-12 12:12:38
0,504.0,74,2021-07-19 09:43:55
0,427.0,74,2021-07-26 09:04:20
0,628.0,74,2021-07-26 12:05:41
0,509.0,74,2021-07-05 12:14:05
0,668.0,74,2021-07-26 11:44:18
0,520.0,74,2021-07-19 23:49:17
0,497.0,74,2021-07-19 18:49:49
0,561.0,74,2021-07-19 16:48:21
0,813.0,74,2021-07-05 20:58:31
0,599.0,74,2021-07-12 21:13:44
0,847.0,74,2021-07-12 15:18:26
0,768.0,74,2021-07-05 21:10:52
0,1230.0,74,2021-07-12 16:22:28
0,321.0,74,2021-07-05 12:37:37
0,775.0,74,2021-07-26 15:51:14
0,1359.0,74,2021-07-26 07:36:06
0,1022.0,74,2021-07-19 21:50:03
0,565.0,74,2021-07-12 15:14:23
0,486.0,74,2021-07-05 16:18:58
0,607.0,74,2021-07-19 09:24:41
0,620.0,74,2021-07-05 10:42:29
0,651.0,74,2021-07-26 17:14:20
0,709.0,74,2021-07-19 11:46:24
0,946.0,74,2021-07-12 14:30:35
0,612.0,74,2021-07-12 12:27:30
0,466.0,74,2021-07-05 22:26:56
0,965.0,74,2021-07-05 14:03:40
0,362.0,74,2021-07-26 05:15:19
0,921.0,74,2021-07-12 17:36:00
0,352.0,74,2021-07-19 05:14:48
0,347.0,74,2021-07-12 05:10:46
0,293.0,74,2021-07-19 09:23:23
0,567.0,74,2021-07-19 01:53:34
0,569.0,74,2021-07-26 18:53:47
0,633.0,74,2021-07-19 23:55:26
0,440.0,74,2021-07-26 09:29:40
0,345.0,74,2021-07-26 10:28:21
0,352.0,74,2021-07-26 15:42:08
0,418.0,74,2021-07-19 10:04:43
0,280.0,74,2021-07-19 11:13:11
0,372.0,74,2021-07-26 07:01:30
0,886.0,74,2021-07-26 09:42:57
0,614.0,74,2021-07-19 20:40:49
0,1487.0,74,2021-07-05 18:38:29
0,892.0,74,2021-07-05 16:48:21
0,1653.0,74,2021-07-19 15:12:59
0,1765.0,74,2021-07-26 08:12:21
0,1739.0,74,2021-07-12 08:13:19
0,899.0,74,2021-07-05 15:40:56
0,1004.0,74,2021-07-12 11:00:19
0,1897.0,74,2021-07-05 15:57:45
0,3630.0,74,2021-07-05 22:04:35
0,1137.0,74,2021-07-19 18:18:13
0,2599.0,74,2021-07-19 14:10:29
0,780.0,74,2021-07-05 15:49:21
0,1045.0,74,2021-07-26 19:58:10
0,440.0,74,2021-07-26 22:25:36
0,1153.0,74,2021-07-12 13:15:21
0,1690.0,74,2021-07-19 08:51:43
0,589.0,74,2021-07-26 14:43:12
0,539.0,74,2021-07-05 10:45:46
0,771.0,74,2021-07-19 18:22:38
0,871.0,74,2021-07-05 20:32:31
0,487.0,74,2021-07-12 11:12:02
0,672.0,74,2021-07-19 14:44:02
0,661.0,74,2021-07-12 12:35:13
0,564.0,74,2021-07-12 14:44:45
0,1077.0,74,2021-07-19 16:14:43
0,1038.0,74,2021-07-19 16:15:22
0,453.0,74,2021-07-05 20:08:22
0,505.0,74,2021-07-19 11:55:14
0,459.0,74,2021-07-05 19:50:36
0,561.0,74,2021-07-12 18:59:37
0,1184.0,74,2021-07-12 22:08:50
0,586.0,74,2021-07-12 17:05:00
0,791.0,74,2021-07-05 19:50:00
0,499.0,74,2021-07-26 19:00:54
0,610.0,74,2021-07-05 18:43:46
0,697.0,74,2021-07-19 17:59:14
0,661.0,74,2021-07-12 18:07:25
0,449.0,74,2021-07-26 08:31:13
0,588.0,74,2021-07-05 18:44:04
0,677.0,74,2021-07-12 16:57:29
0,606.0,74,2021-07-19 17:23:34
0,616.0,74,2021-07-26 17:55:46
0,1311.0,74,2021-07-26 15:09:40
0,649.0,74,2021-07-05 16:30:48
0,822.0,74,2021-07-12 11:51:22
0,495.0,74,2021-07-05 19:28:59
0,653.0,74,2021-07-05 13:12:15
0,800.0,74,2021-07-05 14:25:48
0,807.0,74,2021-07-26 20:27:23
0,858.0,74,2021-07-26 20:26:19
0,413.0,74,2021-07-26 16:54:32
0,612.0,74,2021-07-19 20:00:34
0,680.0,74,2021-07-19 19:49:47
0,1121.0,74,2021-07-26 16:40:59
0,384.0,74,2021-07-26 11:38:09
0,326.0,74,2021-07-12 13:27:03
0,686.0,74,2021-07-26 23:19:32
0,559.0,74,2021-07-05 05:41:15
0,808.0,74,2021-07-19 20:50:38
0,780.0,74,2021-07-19 17:51:15
0,777.0,74,2021-07-12 17:39:02
0,831.0,74,2021-07-05 15:37:05
0,341.0,74,2021-07-05 00:59:57
0,706.0,74,2021-07-12 09:47:40
0,619.0,74,2021-07-12 17:43:05
0,1120.0,74,2021-07-12 23:00:09
0,1338.0,74,2021-07-26 21:52:10
0,170.0,74,2021-07-26 12:05:39
0,354.0,74,2021-07-19 14:04:46
0,355.0,74,2021-07-26 14:10:33
0,253.0,74,2021-07-12 14:11:28
0,2538.0,74,2021-07-05 00:31:33
0,1233.0,74,2021-07-05 14:35:26
0,1407.0,74,2021-07-12 15:55:59
0,139.0,74,2021-07-19 10:47:16
0,400.0,74,2021-07-26 22:48:16
0,767.0,74,2021-07-05 18:04:44
0,1230.0,74,2021-07-19 23:42:40
0,344.0,74,2021-07-12 11:40:50
0,552.0,74,2021-07-05 18:52:54
0,801.0,74,2021-07-19 18:56:24
0,2586.0,74,2021-07-12 16:08:30
0,1334.0,74,2021-07-26 13:01:19
0,2169.0,74,2021-07-19 07:11:34
0,354.0,74,2021-07-12 07:24:48
0,597.0,74,2021-07-05 20:30:44
0,163.0,74,2021-07-12 16:57:47
0,1177.0,74,2021-07-26 17:49:56
0,187.0,74,2021-07-12 21:50:40
0,191.0,74,2021-07-12 16:26:27
0,1184.0,74,2021-07-05 13:19:04
0,689.0,74,2021-07-05 17:53:40
0,760.0,74,2021-07-19 16:08:14
0,636.0,74,2021-07-05 16:02:53
0,2063.0,74,2021-07-19 10:22:29
0,1187.0,74,2021-07-12 04:20:19
0,960.0,74,2021-07-12 08:10:20
0,995.0,74,2021-07-12 18:03:20
0,1038.0,74,2021-07-26 14:16:10
0,1052.0,74,2021-07-19 18:02:09
0,742.0,74,2021-07-05 16:41:38
0,1080.0,74,2021-07-26 18:05:25
0,1390.0,74,2021-07-05 21:24:35
0,1369.0,74,2021-07-26 07:18:16
0,1332.0,74,2021-07-12 12:54:42
0,1293.0,74,2021-07-05 18:49:22
0,1260.0,74,2021-07-19 22:32:36
0,1763.0,74,2021-07-05 20:43:07
0,914.0,74,2021-07-12 17:05:23
0,432.0,74,2021-07-05 13:08:28
0,456.0,74,2021-07-12 20:52:26
0,2916.0,74,2021-07-26 10:00:09
0,1068.0,74,2021-07-19 18:51:25
0,305.0,74,2021-07-26 23:56:59
0,682.0,74,2021-07-12 16:17:38
0,827.0,74,2021-07-26 18:19:42
0,875.0,74,2021-07-26 17:00:58
0,325.0,74,2021-07-26 22:39:38
0,757.0,74,2021-07-05 17:23:42
0,1348.0,74,2021-07-05 18:16:07
0,2102.0,74,2021-07-05 21:02:03
0,124.0,74,2021-07-12 21:50:59
0,219.0,74,2021-07-19 13:21:29
0,126.0,74,2021-07-05 16:56:24
0,167.0,74,2021-07-26 16:09:31
0,950.0,74,2021-07-05 18:59:36
0,1080.0,74,2021-07-12 10:21:49
0,1976.0,74,2021-07-26 07:25:22
0,1929.0,74,2021-07-12 07:35:19
0,166.0,74,2021-07-19 09:33:37
0,263.0,74,2021-07-12 15:30:50
0,194.0,74,2021-07-12 10:56:31
0,2016.0,74,2021-07-12 12:42:43
0,187.0,74,2021-07-05 17:14:40
0,124.0,74,2021-07-19 12:58:42
0,339.0,74,2021-07-26 18:08:25
0,230.0,74,2021-07-12 06:56:50
0,206.0,74,2021-07-19 14:37:45
0,1725.0,74,2021-07-12 11:26:42
0,364.0,74,2021-07-26 13:54:55
0,124.0,74,2021-07-26 16:39:53
0,6728.0,74,2021-07-12 14:01:38
0,1217.0,74,2021-07-19 15:32:38
0,486.0,74,2021-07-12 10:47:09
0,343.0,74,2021-07-19 16:19:53
0,771.0,74,2021-07-19 13:06:04
0,367.0,74,2021-07-19 01:17:59
0,1152.0,74,2021-07-26 12:34:39
0,478.0,74,2021-07-12 12:45:22
0,2125.0,74,2021-07-26 10:36:59
0,562.0,74,2021-07-05 07:53:43
0,459.0,74,2021-07-26 17:06:44
0,802.0,74,2021-07-26 18:05:16
0,2656.0,74,2021-07-12 15:01:33
0,52.0,74,2021-07-19 20:41:22
0,3.0,74,2021-07-26 19:08:51
0,3590.0,74,2021-07-19 22:26:30
0,538.0,74,2021-07-05 01:01:25
0,531.0,74,2021-07-19 01:22:53
0,688.0,74,2021-07-12 09:02:01
0,849.0,74,2021-07-19 14:42:27
0,725.0,74,2021-07-05 16:27:50
0,1425.0,74,2021-07-26 01:06:32
0,16.0,74,2021-07-26 01:05:46
0,351.0,74,2021-07-19 16:00:48
0,110.0,74,2021-07-19 20:46:12
0,734.0,74,2021-07-19 13:24:45
0,3843.0,74,2021-07-19 16:25:00
0,3629.0,74,2021-07-19 22:26:17
0,109.0,74,2021-07-12 09:36:42
0,909.0,74,2021-07-19 17:42:04
0,90.0,74,2021-07-26 19:12:11
0,727.0,74,2021-07-19 16:56:34
0,700.0,74,2021-07-19 17:54:35
0,504.0,74,2021-07-19 04:05:25
0,464.0,74,2021-07-26 04:02:33
0,424.0,74,2021-07-12 12:47:24
0,256.0,74,2021-07-19 05:54:56
0,1792.0,74,2021-07-12 14:43:10
0,424.0,74,2021-07-05 14:57:27
0,937.0,74,2021-07-05 17:20:15
0,647.0,74,2021-07-05 00:27:23
0,957.0,74,2021-07-12 18:26:15
0,729.0,74,2021-07-19 18:07:10
0,270.0,74,2021-07-26 11:57:23
0,1557.0,74,2021-07-19 05:45:48
0,553.0,74,2021-07-12 04:54:53
0,1246.0,74,2021-07-12 15:37:55
0,660.0,74,2021-07-26 19:58:53
0,385.0,74,2021-07-19 13:17:54
0,345.0,74,2021-07-05 12:48:04
0,2592.0,74,2021-07-26 20:32:39
0,516.0,74,2021-07-05 13:59:59
0,896.0,74,2021-07-26 15:01:52
0,899.0,74,2021-07-12 10:06:17
0,296.0,74,2021-07-05 19:37:19
0,516.0,74,2021-07-05 17:47:56
0,271.0,74,2021-07-26 09:17:52
0,8132.0,74,2021-07-05 19:40:11
0,657.0,74,2021-07-05 13:22:38
0,4182.0,74,2021-07-05 20:13:32
0,1446.0,74,2021-07-12 10:51:15
0,983.0,74,2021-07-12 15:05:02
0,905.0,74,2021-07-26 23:47:37
0,2616.0,74,2021-07-05 16:25:00
0,680.0,74,2021-07-05 01:07:21
0,1015.0,74,2021-07-12 15:10:02
0,1588.0,74,2021-07-26 13:31:24
0,603.0,74,2021-07-05 07:35:40
0,381.0,74,2021-07-12 19:10:07
0,227.0,74,2021-07-19 20:08:44
0,623.0,74,2021-07-19 08:25:03
0,160.0,74,2021-07-19 12:42:33
0,2342.0,74,2021-07-19 18:31:21
0,2690.0,74,2021-07-19 16:23:10
0,120.0,74,2021-07-26 20:46:11
0,678.0,74,2021-07-05 23:12:13
0,392.0,74,2021-07-05 17:48:13
0,2249.0,74,2021-07-19 18:32:51
0,83.0,74,2021-07-12 22:36:05
0,555.0,74,2021-07-26 13:53:54
0,745.0,74,2021-07-12 01:22:41
0,638.0,74,2021-07-19 14:17:31
0,692.0,74,2021-07-26 09:43:28
0,747.0,74,2021-07-19 06:57:36
0,1382.0,74,2021-07-26 16:40:56
0,1485.0,74,2021-07-19 11:33:40
0,133.0,74,2021-07-26 14:52:56
0,730.0,74,2021-07-05 14:51:13
0,283.0,74,2021-07-26 13:20:24
0,575.0,74,2021-07-12 08:00:34
0,495.0,74,2021-07-26 19:48:04
0,869.0,74,2021-07-05 17:41:55
0,781.0,74,2021-07-05 23:21:50
0,849.0,74,2021-07-05 17:42:11
0,491.0,74,2021-07-12 07:09:24
0,505.0,74,2021-07-26 07:15:09
0,762.0,74,2021-07-26 18:00:16
0,596.0,74,2021-07-19 08:18:26
0,611.0,74,2021-07-12 15:45:16
0,540.0,74,2021-07-26 17:28:53
0,466.0,74,2021-07-05 23:46:18
0,569.0,74,2021-07-26 22:04:24
0,503.0,74,2021-07-12 16:40:07
0,653.0,74,2021-07-12 21:01:17
0,780.0,74,2021-07-19 17:40:57
0,558.0,74,2021-07-26 12:27:46
0,336.0,74,2021-07-12 00:30:42
0,540.0,74,2021-07-05 10:13:06
0,655.0,74,2021-07-19 20:09:49
0,794.0,74,2021-07-05 22:05:46
0,635.0,74,2021-07-05 15:06:48
0,497.0,74,2021-07-05 11:55:31
0,302.0,74,2021-07-26 18:04:38
0,224.0,74,2021-07-26 08:52:18
0,144.0,74,2021-07-19 13:48:49
0,479.0,74,2021-07-05 19:08:08
0,484.0,74,2021-07-19 08:45:10
0,611.0,74,2021-07-12 09:36:18
0,706.0,74,2021-07-12 13:00:22
0,656.0,74,2021-07-26 21:21:17
0,479.0,74,2021-07-26 08:36:13
0,2905.0,74,2021-07-26 18:29:14
0,1091.0,74,2021-07-12 15:03:48
0,321.0,74,2021-07-26 09:54:02
0,482.0,74,2021-07-12 08:41:15
0,296.0,74,2021-07-19 22:07:06
0,15.0,74,2021-07-05 13:24:48
0,49.0,74,2021-07-26 08:04:15
0,2262.0,74,2021-07-26 15:34:44
0,321.0,74,2021-07-05 20:00:10
0,459.0,74,2021-07-19 15:24:02
0,31.0,74,2021-07-19 15:13:26
0,49.0,74,2021-07-12 21:04:17
0,360.0,74,2021-07-19 15:40:45
0,1754.0,74,2021-07-05 13:48:31
0,184.0,74,2021-07-19 11:22:23
0,290.0,74,2021-07-19 11:20:36
0,306.0,74,2021-07-19 20:21:57
0,1542.0,74,2021-07-26 23:29:49
0,791.0,74,2021-07-05 08:32:25
0,316.0,74,2021-07-26 15:52:44
0,466.0,74,2021-07-26 10:24:34
0,1154.0,74,2021-07-12 10:13:12
0,1766.0,74,2021-07-12 10:37:43
0,1648.0,74,2021-07-12 07:32:45
0,560.0,74,2021-07-12 18:30:23
0,73752.0,74,2021-07-19 14:24:11
0,2264.0,74,2021-07-12 08:31:13
0,698.0,74,2021-07-12 10:22:01
0,559.0,74,2021-07-19 14:33:33
0,1091.0,74,2021-07-12 10:47:54
0,2573.0,74,2021-07-12 08:32:00
0,597.0,74,2021-07-12 09:49:00
0,1071.0,74,2021-07-05 15:32:26
0,1429.0,74,2021-07-05 03:17:53
0,1062.0,74,2021-07-12 10:44:34
0,538.0,74,2021-07-12 23:23:40
0,570.0,74,2021-07-12 17:49:29
0,511.0,74,2021-07-12 19:34:12
0,4210.0,74,2021-07-05 04:20:42
0,796.0,74,2021-07-19 13:46:11
0,698.0,74,2021-07-26 22:30:04
0,1016.0,74,2021-07-26 10:50:11
0,830.0,74,2021-07-12 10:34:06
0,1207.0,74,2021-07-19 10:58:40
0,947.0,74,2021-07-05 13:35:05
0,451.0,74,2021-07-05 10:55:06
0,714.0,74,2021-07-05 22:00:56
0,777.0,74,2021-07-12 11:17:18
0,971.0,74,2021-07-12 08:55:11
0,1156.0,74,2021-07-26 09:23:17
0,1846.0,74,2021-07-26 15:24:26
0,1866.0,74,2021-07-26 15:24:19
0,1548.0,74,2021-07-12 15:05:36
0,1321.0,74,2021-07-26 13:43:59
0,540.0,74,2021-07-26 07:43:06
0,2508.0,74,2021-07-26 08:05:59
0,1816.0,74,2021-07-19 21:41:29
0,837.0,74,2021-07-19 07:05:57
0,2567.0,74,2021-07-19 08:05:40
0,1061.0,74,2021-07-05 10:40:28
0,1122.0,74,2021-07-19 09:48:36
0,1072.0,74,2021-07-12 14:38:29
0,646.0,74,2021-07-05 09:15:24
0,1156.0,74,2021-07-12 18:15:53
0,1244.0,74,2021-07-12 15:37:36
0,3929.0,74,2021-07-05 14:07:00
0,737.0,74,2021-07-05 23:37:41
0,3459.0,74,2021-07-05 14:14:12
0,738.0,74,2021-07-26 11:54:25
0,1067.0,74,2021-07-26 16:29:58
0,3176.0,74,2021-07-12 14:30:38
0,1994.0,74,2021-07-26 12:24:02
0,1994.0,74,2021-07-19 12:18:41
0,1315.0,74,2021-07-19 14:38:36
0,2024.0,74,2021-07-05 13:59:49
0,538.0,74,2021-07-05 17:51:08
0,912.0,74,2021-07-19 08:28:22
0,697.0,74,2021-07-12 01:30:39
0,1891.0,74,2021-07-05 08:42:19
0,1971.0,74,2021-07-12 20:34:53
0,3078.0,74,2021-07-05 08:59:11
0,111.0,74,2021-07-05 07:32:37
0,166.0,74,2021-07-26 08:46:42
0,107.0,74,2021-07-26 12:37:10
0,142.0,74,2021-07-19 10:33:18
0,103.0,74,2021-07-05 09:08:27
0,97.0,74,2021-07-12 10:39:08
0,300.0,74,2021-07-19 16:25:01
0,302.0,74,2021-07-05 19:12:34
0,137.0,74,2021-07-26 23:17:30
0,17.0,74,2021-07-12 16:45:07
0,3.0,74,2021-07-26 16:52:46
0,5.0,74,2021-07-26 16:57:41
0,57.0,74,2021-07-26 16:56:00
0,21.0,74,2021-07-05 15:21:42
0,105.0,74,2021-07-26 18:27:52
0,869.0,74,2021-07-19 11:18:44
0,2291.0,74,2021-07-12 11:10:33
0,63.0,74,2021-07-26 11:04:11
0,747.0,74,2021-07-05 08:38:37
0,662.0,74,2021-07-12 04:32:35
0,757.0,74,2021-07-05 19:30:16
0,3365.0,74,2021-07-26 12:16:48
0,548.0,74,2021-07-19 01:04:43
0,415.0,74,2021-07-26 18:02:12
0,239.0,74,2021-07-12 21:04:12
0,3646.0,74,2021-07-12 19:14:57
0,3229.0,74,2021-07-26 12:12:46
0,874.0,74,2021-07-12 18:07:39
0,223.0,74,2021-07-26 18:54:50
0,206.0,74,2021-07-12 04:58:13
0,238.0,74,2021-07-19 17:16:48
0,290.0,74,2021-07-12 16:53:33
0,393.0,74,2021-07-26 15:23:03
0,291.0,74,2021-07-12 10:56:12
0,405.0,74,2021-07-26 15:04:31
0,423.0,74,2021-07-26 16:54:19
0,227.0,74,2021-07-19 19:48:39
0,879.0,74,2021-07-19 17:27:50
0,359.0,74,2021-07-12 22:06:17
0,165.0,74,2021-07-26 23:32:38
0,191.0,74,2021-07-26 08:03:14
0,134.0,74,2021-07-05 00:07:00
0,666.0,74,2021-07-05 03:20:19
0,3.0,74,2021-07-05 21:54:27
0,2422.0,74,2021-07-26 13:18:09
0,243.0,74,2021-07-12 11:50:53
0,307.0,74,2021-07-19 11:48:06
0,250.0,74,2021-07-12 17:52:29
0,692.0,74,2021-07-05 17:58:37
0,502.0,74,2021-07-19 14:15:14
0,1827.0,74,2021-07-12 13:25:32
0,1689.0,74,2021-07-19 18:21:17
0,2484.0,74,2021-07-26 20:55:08
0,2312.0,74,2021-07-19 12:14:07
0,80.0,74,2021-07-26 20:08:04
0,542.0,74,2021-07-19 14:32:34
0,667.0,74,2021-07-05 17:58:59
0,347.0,74,2021-07-26 10:50:00
0,1803.0,74,2021-07-19 21:52:23
0,264.0,74,2021-07-05 20:29:37
0,398.0,74,2021-07-26 10:19:09
0,428.0,74,2021-07-19 06:41:44
0,351.0,74,2021-07-26 15:05:52
0,3111.0,74,2021-07-19 13:59:49
0,428.0,74,2021-07-26 18:27:02
0,333.0,74,2021-07-12 14:05:47
0,339.0,74,2021-07-05 14:46:09
0,391.0,74,2021-07-26 20:12:20
0,316.0,74,2021-07-26 19:15:28
0,249.0,74,2021-07-12 08:56:05
0,800.0,74,2021-07-26 16:42:44
0,1026.0,74,2021-07-26 16:05:33
0,739.0,74,2021-07-05 18:08:53
0,409.0,74,2021-07-26 21:16:08
0,742.0,74,2021-07-19 15:54:45
0,510.0,74,2021-07-26 16:58:14
0,184.0,74,2021-07-26 20:24:22
0,286.0,74,2021-07-26 19:02:15
0,309.0,74,2021-07-26 18:43:58
0,287.0,74,2021-07-19 08:00:54
0,316.0,74,2021-07-26 08:03:42
0,1065.0,74,2021-07-19 17:56:15
0,395.0,74,2021-07-26 16:43:11
0,3167.0,74,2021-07-19 18:17:48
0,1633.0,74,2021-07-19 10:15:52
0,492.0,74,2021-07-19 14:29:04
0,552.0,74,2021-07-19 14:28:20
0,438.0,74,2021-07-19 16:09:44
0,353.0,74,2021-07-12 16:18:43
0,346.0,74,2021-07-12 23:54:13
0,938.0,74,2021-07-05 00:35:04
0,205.0,74,2021-07-19 17:41:00
0,474.0,74,2021-07-05 16:30:52
0,1798.0,74,2021-07-26 08:40:37
0,1322.0,74,2021-07-12 19:31:33
0,704.0,74,2021-07-05 02:03:08
0,1750.0,74,2021-07-12 06:33:45
0,2189.0,74,2021-07-05 12:23:18
0,1433.0,74,2021-07-19 06:37:28
0,765.0,74,2021-07-05 13:52:57
0,1595.0,74,2021-07-26 18:15:07
0,1502.0,74,2021-07-12 09:42:06
0,2180.0,74,2021-07-19 21:16:56
0,1751.0,74,2021-07-19 09:19:52
0,1075.0,74,2021-07-05 12:08:43
0,1278.0,74,2021-07-12 07:56:35
0,583.0,74,2021-07-19 13:09:10
0,1011.0,74,2021-07-19 06:31:10
0,1624.0,74,2021-07-19 08:22:26
0,744.0,74,2021-07-12 11:19:09
0,967.0,74,2021-07-05 17:04:56
0,1200.0,74,2021-07-26 06:34:53
0,2169.0,74,2021-07-26 13:32:27
0,1387.0,74,2021-07-26 08:02:39
0,1150.0,74,2021-07-05 12:07:10
0,1921.0,74,2021-07-26 11:50:59
0,1063.0,74,2021-07-05 10:02:15
0,1528.0,74,2021-07-05 14:25:20
0,1616.0,74,2021-07-12 08:37:15
0,1549.0,74,2021-07-19 15:17:40
0,1552.0,74,2021-07-19 15:17:12
0,478.0,74,2021-07-12 18:18:57
0,497.0,74,2021-07-12 14:59:21
0,1478.0,74,2021-07-19 20:33:59
0,996.0,74,2021-07-12 08:38:33
0,3251.0,74,2021-07-19 15:39:43
0,470.0,74,2021-07-19 18:28:06
0,918.0,74,2021-07-26 23:31:52
0,812.0,74,2021-07-26 23:33:42
0,1647.0,74,2021-07-05 16:48:12
0,909.0,74,2021-07-12 13:33:57
0,1384.0,74,2021-07-26 12:30:23
0,498.0,74,2021-07-26 16:12:44
0,901.0,74,2021-07-19 15:20:10
0,2003.0,74,2021-07-26 17:45:07
0,1549.0,74,2021-07-05 14:25:16
0,1152.0,74,2021-07-26 12:40:46
0,1309.0,74,2021-07-26 18:13:08
0,1774.0,74,2021-07-19 17:11:07
0,1620.0,74,2021-07-26 09:22:08
0,1307.0,74,2021-07-19 10:21:45
0,1178.0,74,2021-07-26 14:00:00
0,1586.0,74,2021-07-19 19:15:41
0,927.0,74,2021-07-26 08:28:54
0,846.0,74,2021-07-12 20:21:28
0,904.0,74,2021-07-19 07:11:16
0,1169.0,74,2021-07-05 14:14:37
0,386.0,74,2021-07-19 15:41:32
0,2243.0,74,2021-07-26 10:47:27
0,2607.0,74,2021-07-26 22:14:54
0,1994.0,74,2021-07-19 08:00:13
0,872.0,74,2021-07-05 00:57:55
0,1008.0,74,2021-07-26 08:51:19
0,681.0,74,2021-07-05 17:25:01
0,659.0,74,2021-07-26 18:26:58
0,752.0,74,2021-07-19 09:08:05
0,1705.0,74,2021-07-26 07:27:09
0,687.0,74,2021-07-05 19:42:04
0,1451.0,74,2021-07-26 14:41:06
0,545.0,74,2021-07-26 19:54:26
0,595.0,74,2021-07-12 10:26:27
0,562.0,74,2021-07-12 17:14:37
0,2093.0,74,2021-07-05 16:31:37
0,1382.0,74,2021-07-05 06:50:32
0,597.0,74,2021-07-19 17:57:33
0,758.0,74,2021-07-05 18:31:28
0,774.0,74,2021-07-05 18:31:16
0,1251.0,74,2021-07-12 07:20:27
0,952.0,74,2021-07-19 22:13:16
0,1727.0,74,2021-07-12 18:13:38
0,715.0,74,2021-07-19 21:44:13
0,884.0,74,2021-07-05 19:38:58
0,2729.0,74,2021-07-12 16:08:11
0,1801.0,74,2021-07-19 18:04:23
0,1545.0,74,2021-07-26 18:08:25
0,1579.0,74,2021-07-12 18:10:57
0,2438.0,74,2021-07-19 21:42:27
0,971.0,74,2021-07-26 14:29:47
0,1347.0,74,2021-07-12 11:27:52
0,1077.0,74,2021-07-19 13:03:19
0,1401.0,74,2021-07-12 16:05:23
0,1084.0,74,2021-07-26 17:26:33
0,1360.0,74,2021-07-19 16:13:52
0,1071.0,74,2021-07-05 20:22:29
0,890.0,74,2021-07-05 19:38:48
0,1070.0,74,2021-07-05 01:02:29
0,783.0,74,2021-07-12 17:33:25
0,2219.0,74,2021-07-19 21:04:02
0,1972.0,74,2021-07-12 18:44:32
0,944.0,74,2021-07-05 17:06:47
0,1182.0,74,2021-07-26 08:21:56
0,1542.0,74,2021-07-26 12:35:45
0,403.0,74,2021-07-05 14:39:28
0,402.0,74,2021-07-26 10:37:12
0,1052.0,74,2021-07-19 17:35:50
0,863.0,74,2021-07-05 07:16:07
0,1138.0,74,2021-07-12 19:31:09
0,549.0,74,2021-07-26 16:32:25
0,847.0,74,2021-07-05 13:10:12
0,858.0,74,2021-07-12 21:26:31
0,929.0,74,2021-07-19 18:37:53
0,1542.0,74,2021-07-19 12:41:13
0,1420.0,74,2021-07-12 10:44:58
0,813.0,74,2021-07-19 15:30:09
0,1014.0,74,2021-07-05 18:04:28
0,708.0,74,2021-07-19 19:48:18
0,731.0,74,2021-07-19 15:13:39
0,591.0,74,2021-07-26 18:43:03
0,1252.0,74,2021-07-05 21:33:54
0,233.0,74,2021-07-12 23:24:45
0,544.0,74,2021-07-26 17:37:51
0,423.0,74,2021-07-12 07:36:18
0,544.0,74,2021-07-19 09:12:12
0,1101.0,74,2021-07-05 08:41:21
0,4777.0,74,2021-07-19 17:15:37
0,2047.0,74,2021-07-26 20:51:40
0,754.0,74,2021-07-05 17:08:58
0,821.0,74,2021-07-12 10:57:47
0,438.0,74,2021-07-12 17:51:29
0,993.0,74,2021-07-12 08:33:49
0,1111.0,74,2021-07-26 09:31:55
0,977.0,74,2021-07-19 18:12:10
0,1263.0,74,2021-07-19 18:07:35
0,1703.0,74,2021-07-19 08:56:59
0,1738.0,74,2021-07-26 11:03:58
0,1156.0,74,2021-07-19 01:51:54
0,1224.0,74,2021-07-26 15:49:02
0,884.0,74,2021-07-05 17:53:50
0,2780.0,74,2021-07-12 08:41:10
0,600.0,74,2021-07-19 08:16:40
0,861.0,74,2021-07-19 03:52:18
0,630.0,74,2021-07-26 00:57:49
0,1849.0,74,2021-07-19 21:23:36
0,1843.0,74,2021-07-26 21:38:48
0,205.0,74,2021-07-26 14:34:29
0,231.0,74,2021-07-19 13:09:56
0,7586.0,74,2021-07-12 20:16:16
0,3192.0,74,2021-07-05 19:45:20
0,1012.0,74,2021-07-12 17:30:21
0,882.0,74,2021-07-26 18:04:47
0,813.0,74,2021-07-05 19:36:04
0,922.0,74,2021-07-05 18:14:25
0,1280.0,74,2021-07-19 18:22:18
0,830.0,74,2021-07-12 15:51:43
0,2474.0,74,2021-07-05 19:38:50
0,1718.0,74,2021-07-19 19:30:48
0,559.0,74,2021-07-26 09:50:39
0,401.0,74,2021-07-05 09:14:06
0,572.0,74,2021-07-05 15:05:13
0,346.0,74,2021-07-05 16:58:58
0,1076.0,74,2021-07-12 06:32:54
0,1107.0,74,2021-07-26 06:32:45
0,1414.0,74,2021-07-26 08:27:14
0,1368.0,74,2021-07-26 07:50:26
0,951.0,74,2021-07-12 04:40:58
0,340.0,74,2021-07-05 11:25:33
0,2602.0,74,2021-07-19 18:22:36
0,1539.0,74,2021-07-12 17:56:41
0,464.0,74,2021-07-12 00:22:49
0,1946.0,74,2021-07-19 10:07:15
0,338.0,74,2021-07-19 16:49:38
0,1147.0,74,2021-07-19 09:38:39
0,1210.0,74,2021-07-12 18:13:17
0,3321.0,74,2021-07-05 10:09:04
0,1410.0,74,2021-07-26 16:26:12
0,174.0,74,2021-07-05 05:20:51
0,242.0,74,2021-07-12 19:48:06
0,1415.0,74,2021-07-26 15:08:00
0,157.0,74,2021-07-05 11:26:50
0,1770.0,74,2021-07-05 03:35:55
0,291.0,74,2021-07-19 17:08:55
0,1343.0,74,2021-07-26 11:18:55
0,328.0,74,2021-07-19 07:29:35
0,353.0,74,2021-07-26 11:49:14
0,574.0,74,2021-07-05 17:32:32
0,220.0,74,2021-07-26 21:23:59
0,213.0,74,2021-07-19 20:31:38
0,208.0,74,2021-07-26 16:37:37
0,366.0,74,2021-07-19 17:01:29
0,4819.0,74,2021-07-05 12:24:02
0,1911.0,74,2021-07-12 13:06:29
0,505.0,74,2021-07-05 15:08:02
0,1583.0,74,2021-07-05 20:17:15
0,517.0,74,2021-07-05 15:08:38
0,1192.0,74,2021-07-05 23:05:07
0,278.0,74,2021-07-19 06:08:42
0,1773.0,74,2021-07-19 10:34:34
0,331.0,74,2021-07-26 18:22:38
0,551.0,74,2021-07-26 18:15:16
0,532.0,74,2021-07-05 20:27:45
0,4707.0,74,2021-07-05 11:39:24
0,4845.0,74,2021-07-05 11:37:21
0,414.0,74,2021-07-12 14:11:42
0,248.0,74,2021-07-05 14:08:59
0,302.0,74,2021-07-26 14:10:52
0,2732.0,74,2021-07-12 15:17:33
0,222.0,74,2021-07-12 19:20:47
0,583.0,74,2021-07-26 18:14:56
0,3054.0,74,2021-07-05 23:22:43
0,493.0,74,2021-07-05 16:53:09
0,349.0,74,2021-07-19 18:25:40
0,667.0,74,2021-07-19 19:43:11
0,242.0,74,2021-07-19 14:35:23
0,427.0,74,2021-07-12 15:51:08
0,1073.0,74,2021-07-12 18:30:43
0,339.0,74,2021-07-26 12:32:53
0,1195.0,74,2021-07-05 23:05:01
0,351.0,74,2021-07-12 15:39:00
0,848.0,74,2021-07-05 10:53:53
0,662.0,74,2021-07-05 21:22:30
0,710.0,74,2021-07-26 19:50:32
0,1231.0,74,2021-07-26 15:05:14
0,448.0,74,2021-07-12 19:04:23
0,983.0,74,2021-07-26 08:13:37
0,172.0,74,2021-07-12 21:56:28
0,466.0,74,2021-07-05 18:37:15
0,197.0,74,2021-07-26 13:49:48
0,646.0,74,2021-07-12 12:38:01
0,958.0,74,2021-07-12 21:41:02
0,711.0,74,2021-07-19 10:39:37
0,1144.0,74,2021-07-26 16:32:11
0,702.0,74,2021-07-12 15:38:48
0,228.0,74,2021-07-19 09:26:01
0,522.0,74,2021-07-19 09:10:11
0,277.0,74,2021-07-05 20:03:44
0,433.0,74,2021-07-26 09:49:40
0,180.0,74,2021-07-26 17:48:45
0,147.0,74,2021-07-12 18:47:21
0,139.0,74,2021-07-19 18:54:25
0,176.0,74,2021-07-26 19:52:40
0,708.0,74,2021-07-19 11:46:51
0,347.0,74,2021-07-26 16:58:06
0,963.0,74,2021-07-05 16:48:31
0,791.0,74,2021-07-26 16:41:39
0,799.0,74,2021-07-05 00:09:13
0,963.0,74,2021-07-26 19:55:04
0,468.0,74,2021-07-19 20:25:07
0,808.0,74,2021-07-05 08:12:06
0,965.0,74,2021-07-19 20:14:07
0,903.0,74,2021-07-12 08:16:29
0,1874.0,74,2021-07-05 12:19:08
0,252.0,74,2021-07-26 16:51:34
0,162.0,74,2021-07-26 12:47:26
0,604.0,74,2021-07-19 14:03:20
0,224.0,74,2021-07-05 17:47:46
0,1256.0,74,2021-07-19 15:43:26
0,264.0,74,2021-07-12 20:01:10
0,489.0,74,2021-07-19 20:14:39
0,336.0,74,2021-07-19 01:11:00
0,1240.0,74,2021-07-26 12:14:11
0,562.0,74,2021-07-26 18:54:44
0,240.0,74,2021-07-26 19:42:30
0,912.0,74,2021-07-05 09:29:39
0,1381.0,74,2021-07-05 21:54:21
0,3088.0,74,2021-07-26 08:25:44
0,333.0,74,2021-07-05 11:16:11
0,267.0,74,2021-07-05 22:26:11
0,317.0,74,2021-07-05 23:42:58
0,526.0,74,2021-07-05 12:54:35
0,367.0,74,2021-07-19 11:30:33
0,468.0,74,2021-07-19 14:06:04
0,330.0,74,2021-07-12 11:50:17
0,497.0,74,2021-07-26 12:19:30
0,1243.0,74,2021-07-19 18:06:43
0,590.0,74,2021-07-12 09:42:40
0,762.0,74,2021-07-05 11:58:09
0,778.0,74,2021-07-19 10:13:50
0,454.0,74,2021-07-26 09:05:34
0,625.0,74,2021-07-26 08:36:25
0,390.0,74,2021-07-12 07:37:20
0,501.0,74,2021-07-26 09:32:51
0,498.0,74,2021-07-12 14:53:12
0,547.0,74,2021-07-12 06:42:57
0,612.0,74,2021-07-26 10:51:15
0,508.0,74,2021-07-19 15:52:42
0,387.0,74,2021-07-05 09:46:15
0,575.0,74,2021-07-26 15:29:38
0,299.0,74,2021-07-19 17:05:10
0,1302.0,74,2021-07-12 07:39:58
0,826.0,74,2021-07-12 16:54:30
0,384.0,74,2021-07-26 20:28:52
0,513.0,74,2021-07-19 05:50:29
0,895.0,74,2021-07-05 15:39:41
0,463.0,74,2021-07-26 17:32:24
0,686.0,74,2021-07-19 21:23:02
0,627.0,74,2021-07-19 17:19:31
0,570.0,74,2021-07-19 11:18:19
0,465.0,74,2021-07-12 19:02:54
0,954.0,74,2021-07-19 16:33:00
0,804.0,74,2021-07-26 20:18:41
0,393.0,74,2021-07-26 20:28:42
0,1366.0,74,2021-07-26 19:56:41
0,2290.0,74,2021-07-12 15:34:51
0,490.0,74,2021-07-05 21:22:02
0,678.0,74,2021-07-19 18:27:52
0,418.0,74,2021-07-05 18:05:57
0,794.0,74,2021-07-12 08:21:15
0,243.0,74,2021-07-26 18:20:11
0,2280.0,74,2021-07-19 10:24:56
0,1708.0,74,2021-07-05 09:54:21
0,1589.0,74,2021-07-05 14:44:02
0,563.0,74,2021-07-19 19:06:30
0,1223.0,74,2021-07-05 22:49:30
0,1615.0,74,2021-07-26 11:34:49
0,604.0,74,2021-07-26 09:31:53
0,646.0,74,2021-07-26 17:50:19
0,1283.0,74,2021-07-05 02:47:15
0,1082.0,74,2021-07-05 17:34:31
0,454.0,74,2021-07-26 14:34:06
0,434.0,74,2021-07-19 18:12:40
0,1027.0,74,2021-07-26 07:59:10
0,394.0,74,2021-07-05 18:10:35
0,1374.0,74,2021-07-05 18:18:53
0,937.0,74,2021-07-12 15:04:28
0,875.0,74,2021-07-05 08:08:33
0,883.0,74,2021-07-05 08:55:45
0,649.0,74,2021-07-26 06:45:03
0,434.0,74,2021-07-19 06:43:06
0,659.0,74,2021-07-12 08:52:42
0,559.0,74,2021-07-12 00:00:10
0,529.0,74,2021-07-19 08:24:42
0,571.0,74,2021-07-26 08:28:39
0,555.0,74,2021-07-05 11:50:45
0,679.0,74,2021-07-12 13:16:02
0,591.0,74,2021-07-26 15:44:42
0,1306.0,74,2021-07-19 20:56:21
0,1074.0,74,2021-07-05 06:31:04
0,1924.0,74,2021-07-26 06:19:40
0,1708.0,74,2021-07-19 20:55:01
0,1295.0,74,2021-07-19 23:15:15
0,1348.0,74,2021-07-19 12:32:45
0,808.0,74,2021-07-05 02:37:58
0,878.0,74,2021-07-12 08:35:36
0,1111.0,74,2021-07-19 09:35:55
0,964.0,74,2021-07-12 12:58:48
0,1211.0,74,2021-07-12 13:21:55
0,1279.0,74,2021-07-19 20:56:46
0,1468.0,74,2021-07-12 21:05:51
0,1054.0,74,2021-07-05 11:17:51
0,928.0,74,2021-07-26 09:01:20
0,663.0,74,2021-07-26 04:56:43
0,1676.0,74,2021-07-05 15:14:37
0,1006.0,74,2021-07-19 06:59:22
0,1073.0,74,2021-07-26 07:16:19
0,1167.0,74,2021-07-12 07:52:25
0,1557.0,74,2021-07-26 14:41:01
0,1345.0,74,2021-07-12 17:41:12
0,616.0,74,2021-07-26 09:51:47
0,1497.0,74,2021-07-19 08:02:47
0,1208.0,74,2021-07-19 16:25:59
0,1314.0,74,2021-07-26 20:34:27
0,1021.0,74,2021-07-05 19:30:17
0,949.0,74,2021-07-19 18:52:29
0,673.0,74,2021-07-12 12:26:54
0,1122.0,74,2021-07-05 21:02:39
0,1184.0,74,2021-07-05 21:01:20
0,961.0,74,2021-07-19 14:41:39
0,1475.0,74,2021-07-12 20:30:07
0,1845.0,74,2021-07-12 14:01:28
0,803.0,74,2021-07-19 23:56:23
0,413.0,74,2021-07-26 15:30:34
0,485.0,74,2021-07-19 13:29:17
0,1099.0,74,2021-07-12 16:37:15
0,300.0,74,2021-07-12 19:11:45
0,881.0,74,2021-07-05 17:35:23
0,529.0,74,2021-07-26 20:15:56
0,328.0,74,2021-07-26 13:50:33
0,350.0,74,2021-07-12 18:50:01
0,2457.0,74,2021-07-12 21:31:52
0,287.0,74,2021-07-19 18:38:55
0,6453.0,74,2021-07-05 09:35:04
0,2591.0,74,2021-07-05 02:02:10
0,449.0,74,2021-07-05 19:05:27
0,1176.0,74,2021-07-26 17:23:12
0,549.0,74,2021-07-12 12:21:08
0,453.0,74,2021-07-12 18:07:35
0,313.0,74,2021-07-05 21:57:34
0,1733.0,74,2021-07-19 17:20:47
0,572.0,74,2021-07-12 20:30:32
0,236.0,74,2021-07-05 14:42:17
0,253.0,74,2021-07-19 01:51:48
0,257.0,74,2021-07-12 18:31:49
0,257.0,74,2021-07-26 16:30:39
0,1093.0,74,2021-07-26 12:32:44
0,1697.0,74,2021-07-12 20:08:56
0,670.0,74,2021-07-05 10:25:09
0,3591.0,74,2021-07-12 18:53:56
0,810.0,74,2021-07-26 14:50:33
0,458.0,74,2021-07-12 19:20:12
0,705.0,74,2021-07-19 13:54:47
0,265.0,74,2021-07-19 11:58:54
0,1926.0,74,2021-07-26 17:08:47
0,1515.0,74,2021-07-05 18:18:13
0,172.0,74,2021-07-19 15:54:10
0,432.0,74,2021-07-12 19:50:34
0,3158.0,74,2021-07-12 18:56:31
0,162.0,74,2021-07-12 18:34:43
0,236.0,74,2021-07-12 18:25:27
0,19.0,74,2021-07-12 19:27:39
0,521.0,74,2021-07-12 19:28:19
0,339.0,74,2021-07-05 12:01:16
0,40.0,74,2021-07-19 12:15:49
0,1352.0,74,2021-07-26 18:17:43
0,250.0,74,2021-07-05 11:55:13
0,1449.0,74,2021-07-19 21:33:03
0,975.0,74,2021-07-05 18:17:39
0,1089.0,74,2021-07-26 18:53:35
0,1357.0,74,2021-07-12 21:46:22
0,830.0,74,2021-07-26 14:21:26
0,720.0,74,2021-07-26 18:38:30
0,1782.0,74,2021-07-26 17:37:42
0,1802.0,74,2021-07-26 18:07:49
0,1208.0,74,2021-07-19 06:43:50
0,1484.0,74,2021-07-19 12:57:17
0,1917.0,74,2021-07-05 15:50:20
0,1051.0,74,2021-07-19 08:17:15
0,296.0,74,2021-07-19 16:25:53
0,1612.0,74,2021-07-12 18:23:22
0,3739.0,74,2021-07-12 15:13:21
0,237.0,74,2021-07-26 10:43:43
0,965.0,74,2021-07-12 08:37:43
0,671.0,74,2021-07-26 19:02:02
0,1238.0,74,2021-07-19 09:38:34
0,1790.0,74,2021-07-05 17:57:34
0,254.0,74,2021-07-05 17:03:40
0,184.0,74,2021-07-26 15:30:22
0,274.0,74,2021-07-19 19:01:34
0,1072.0,74,2021-07-12 08:44:44
0,1298.0,74,2021-07-19 11:33:36
0,5021.0,74,2021-07-12 18:03:35
0,790.0,74,2021-07-19 23:26:40
0,835.0,74,2021-07-19 23:25:51
0,713.0,74,2021-07-26 15:45:18
0,1371.0,74,2021-07-19 05:15:16
0,1783.0,74,2021-07-05 23:07:52
0,546.0,74,2021-07-12 09:48:37
0,1022.0,74,2021-07-19 11:14:15
0,1425.0,74,2021-07-19 10:40:49
0,1495.0,74,2021-07-26 20:54:50
0,1799.0,74,2021-07-26 01:15:01
0,616.0,74,2021-07-05 15:20:18
0,508.0,74,2021-07-19 05:06:13
0,3468.0,74,2021-07-12 14:42:07
0,1568.0,74,2021-07-19 19:07:39
0,2477.0,74,2021-07-26 13:19:57
0,756.0,74,2021-07-19 14:55:36
0,526.0,74,2021-07-19 07:50:51
0,625.0,74,2021-07-12 07:53:15
0,598.0,74,2021-07-12 14:25:04
0,682.0,74,2021-07-12 16:16:19
0,2395.0,74,2021-07-05 00:05:07
0,5796.0,74,2021-07-26 16:57:59
0,851.0,74,2021-07-12 15:01:31
0,626.0,74,2021-07-26 11:21:47
0,496.0,74,2021-07-19 11:59:27
0,601.0,74,2021-07-12 19:52:33
0,765.0,74,2021-07-26 12:29:08
0,1694.0,74,2021-07-26 16:45:10
0,1047.0,74,2021-07-12 23:14:18
0,957.0,74,2021-07-26 19:27:04
0,4766.0,74,2021-07-12 15:12:21
0,1445.0,74,2021-07-19 11:28:13
0,825.0,74,2021-07-26 20:02:44
0,1431.0,74,2021-07-26 01:45:18
0,1520.0,74,2021-07-19 12:26:25
0,2312.0,74,2021-07-05 22:41:16
0,543.0,74,2021-07-12 20:40:20
0,884.0,74,2021-07-19 13:15:59
0,833.0,74,2021-07-05 14:14:55
0,577.0,74,2021-07-12 00:18:27
0,1787.0,74,2021-07-12 18:05:51
0,1187.0,74,2021-07-05 00:51:48
0,751.0,74,2021-07-19 17:29:10
0,2680.0,74,2021-07-05 22:34:50
0,2202.0,74,2021-07-26 07:17:36
0,1062.0,74,2021-07-19 20:32:20
0,1371.0,74,2021-07-26 20:22:43
0,888.0,74,2021-07-19 23:26:04
0,733.0,74,2021-07-12 19:18:39
0,1221.0,74,2021-07-05 00:51:14
0,730.0,74,2021-07-19 22:09:34
0,1287.0,74,2021-07-19 06:29:31
0,528.0,74,2021-07-19 08:18:45
0,248.0,74,2021-07-26 19:04:37
0,339.0,74,2021-07-19 20:14:14
0,506.0,74,2021-07-12 11:24:14
0,193.0,74,2021-07-19 12:04:16
0,1189.0,74,2021-07-05 12:22:26
0,174.0,74,2021-07-19 11:20:34
0,1473.0,74,2021-07-12 10:09:06
0,970.0,74,2021-07-19 06:29:05
0,869.0,74,2021-07-26 10:25:51
0,194.0,74,2021-07-12 18:51:29
0,1837.0,74,2021-07-05 18:41:34
0,471.0,74,2021-07-05 09:29:59
0,204.0,74,2021-07-26 12:58:59
0,959.0,74,2021-07-12 06:33:12
0,2696.0,74,2021-07-12 19:04:05
0,1404.0,74,2021-07-05 21:42:47
0,435.0,74,2021-07-19 11:25:57
0,845.0,74,2021-07-19 10:36:27
0,364.0,74,2021-07-05 16:39:39
0,1127.0,74,2021-07-05 21:25:12
0,990.0,74,2021-07-12 18:26:58
0,1376.0,74,2021-07-12 09:27:36
0,414.0,74,2021-07-19 07:59:03
0,1716.0,74,2021-07-05 15:53:20
0,523.0,74,2021-07-12 10:01:35
0,712.0,74,2021-07-26 20:44:26
0,416.0,74,2021-07-05 18:33:27
0,1201.0,74,2021-07-12 12:37:41
0,1983.0,74,2021-07-26 02:21:18
0,508.0,74,2021-07-05 14:21:50
0,174.0,74,2021-07-26 07:51:55
0,140.0,74,2021-07-05 17:57:18
0,116.0,74,2021-07-19 12:34:21
0,2947.0,74,2021-07-26 11:18:36
0,1450.0,74,2021-07-12 19:44:53
0,214.0,74,2021-07-12 17:05:16
0,142.0,74,2021-07-12 16:39:07
0,354.0,74,2021-07-26 17:05:01
0,605.0,74,2021-07-05 19:38:17
0,1934.0,74,2021-07-26 16:33:58
0,498.0,74,2021-07-19 07:18:04
0,313.0,74,2021-07-26 20:03:30
0,649.0,74,2021-07-26 21:12:48
0,279.0,74,2021-07-12 10:12:49
0,579.0,74,2021-07-05 01:08:54
0,380.0,74,2021-07-05 17:36:06
0,914.0,74,2021-07-26 18:48:06
0,90.0,74,2021-07-12 13:59:47
0,1748.0,74,2021-07-19 12:25:56
0,4427.0,74,2021-07-05 16:29:51
0,1639.0,74,2021-07-19 13:01:43
0,1588.0,74,2021-07-19 17:02:10
0,3573.0,74,2021-07-05 20:52:21
0,670.0,74,2021-07-05 22:01:07
0,11000.0,74,2021-07-12 14:41:34
0,1090.0,74,2021-07-12 15:15:08
0,150.0,74,2021-07-19 17:31:17
0,457.0,74,2021-07-05 02:17:33
0,347.0,74,2021-07-05 17:50:18
0,880.0,74,2021-07-26 20:41:45
0,666.0,74,2021-07-26 18:51:31
0,305.0,74,2021-07-12 17:38:43
0,536.0,74,2021-07-26 20:30:13
0,1502.0,74,2021-07-26 17:35:59
0,598.0,74,2021-07-12 15:57:26
0,340.0,74,2021-07-12 12:14:19
0,2783.0,74,2021-07-05 15:31:48
0,2753.0,74,2021-07-12 20:19:11
0,605.0,74,2021-07-05 14:46:26
0,110.0,74,2021-07-12 18:16:10
0,360.0,74,2021-07-12 21:28:18
0,240.0,74,2021-07-12 10:36:01
0,1756.0,74,2021-07-05 23:33:20
0,1118.0,74,2021-07-19 12:08:00
0,10.0,74,2021-07-05 16:49:45
0,13.0,74,2021-07-05 18:06:44
0,274.0,74,2021-07-05 16:18:55
0,30.0,74,2021-07-05 21:29:54
0,238.0,74,2021-07-12 09:36:30
0,248.0,74,2021-07-05 14:13:46
0,164.0,74,2021-07-05 00:56:44
0,187.0,74,2021-07-12 13:24:09
0,1695.0,74,2021-07-05 00:09:36
0,2311.0,74,2021-07-19 21:14:50
0,244.0,74,2021-07-05 20:06:06
0,1740.0,74,2021-07-05 08:50:33
0,303.0,74,2021-07-12 11:37:17
0,2440.0,74,2021-07-12 12:44:30
0,1220.0,74,2021-07-05 21:38:57
0,633.0,74,2021-07-12 23:54:09
0,92.0,74,2021-07-05 21:47:54
0,2062.0,74,2021-07-05 20:59:57
0,455.0,74,2021-07-12 19:29:57
0,855.0,74,2021-07-12 17:57:22
0,447.0,74,2021-07-12 15:51:54
0,1024.0,74,2021-07-12 20:28:42
0,379.0,74,2021-07-12 21:14:57
0,1217.0,74,2021-07-19 16:16:44
0,488.0,74,2021-07-12 08:52:32
0,269.0,74,2021-07-12 16:09:56
0,1491.0,74,2021-07-12 16:39:21
0,94.0,74,2021-07-05 09:22:17
0,202.0,74,2021-07-19 11:23:51
0,238.0,74,2021-07-26 19:23:26
0,2159.0,74,2021-07-12 10:45:25
0,576.0,74,2021-07-12 19:51:25
0,26.0,74,2021-07-12 10:42:29
0,1743.0,74,2021-07-12 20:02:13
0,737.0,74,2021-07-12 22:06:40
0,0.0,74,2021-07-26 12:48:57
0,10.0,74,2021-07-12 17:29:44
0,23.0,74,2021-07-12 11:08:59
0,88.0,74,2021-07-05 16:20:12
0,65.0,74,2021-07-26 17:35:42
0,231.0,74,2021-07-26 17:59:17
0,199.0,74,2021-07-12 13:58:40
0,81.0,74,2021-07-12 17:44:05
0,372.0,74,2021-07-05 15:01:37
0,1137.0,74,2021-07-19 12:11:34
0,82.0,74,2021-07-05 21:52:51
0,1290.0,74,2021-07-26 20:58:38
0,194.0,74,2021-07-12 12:18:09
0,102.0,74,2021-07-05 17:03:04
0,121.0,74,2021-07-05 11:17:01
0,209.0,74,2021-07-19 12:14:33
0,148.0,74,2021-07-05 08:52:36
0,121.0,74,2021-07-05 11:06:01
0,29.0,74,2021-07-12 19:30:26
0,21.0,74,2021-07-12 15:02:57
0,279.0,74,2021-07-19 11:31:31
0,128.0,74,2021-07-12 13:05:10
0,230.0,74,2021-07-26 12:16:54
0,727.0,74,2021-07-19 17:51:26
0,395.0,74,2021-07-12 13:46:04
0,130.0,74,2021-07-19 18:02:28
0,116.0,74,2021-07-19 13:17:45
0,231.0,74,2021-07-26 07:30:01
0,163.0,74,2021-07-19 15:05:02
0,149.0,74,2021-07-05 16:06:31
0,182.0,74,2021-07-12 11:47:09
0,1050.0,74,2021-07-19 13:06:57
0,160.0,74,2021-07-26 10:40:38
0,206.0,74,2021-07-19 17:22:09
0,1059.0,74,2021-07-12 16:26:54
0,184.0,74,2021-07-05 19:06:40
0,1630.0,74,2021-07-12 14:19:49
0,18.0,74,2021-07-19 15:45:00
0,649.0,74,2021-07-26 16:11:59
0,593.0,74,2021-07-12 10:36:16
0,431.0,74,2021-07-19 12:17:26
0,246.0,74,2021-07-26 14:15:29
0,1736.0,74,2021-07-19 21:51:44
0,114.0,74,2021-07-05 21:52:05
0,252.0,74,2021-07-26 15:38:14
0,2848.0,74,2021-07-19 16:14:13
0,271.0,74,2021-07-26 11:28:41
0,198.0,74,2021-07-12 11:25:13
0,529.0,74,2021-07-19 16:07:12
0,684.0,74,2021-07-19 01:17:35
0,1018.0,74,2021-07-05 17:59:15
0,277.0,74,2021-07-19 21:50:18
0,539.0,74,2021-07-12 11:38:43
0,2713.0,74,2021-07-19 12:43:56
0,367.0,74,2021-07-26 16:59:33
0,933.0,74,2021-07-26 23:05:49
0,310.0,74,2021-07-05 19:10:58
0,493.0,74,2021-07-26 18:27:04
0,920.0,74,2021-07-05 15:47:10
0,725.0,74,2021-07-26 23:34:03
0,3031.0,74,2021-07-19 21:41:41
0,520.0,74,2021-07-26 12:23:02
0,1169.0,74,2021-07-26 11:10:38
0,372.0,74,2021-07-19 10:42:24
0,346.0,74,2021-07-19 15:54:33
0,576.0,74,2021-07-26 18:37:29
0,602.0,74,2021-07-19 18:51:02
0,556.0,74,2021-07-12 18:19:55
0,784.0,74,2021-07-12 17:56:55
0,690.0,74,2021-07-12 16:09:34
0,2940.0,74,2021-07-26 18:13:23
0,801.0,74,2021-07-19 15:25:23
0,1418.0,74,2021-07-19 15:14:55
0,645.0,74,2021-07-19 09:10:10
0,427.0,74,2021-07-05 00:11:43
0,948.0,74,2021-07-19 13:17:32
0,149.0,74,2021-07-19 18:59:37
0,3815.0,74,2021-07-05 21:25:24
0,389.0,74,2021-07-05 10:05:22
0,226.0,74,2021-07-19 15:28:24
0,1612.0,74,2021-07-19 23:19:39
0,244.0,74,2021-07-26 00:41:40
0,823.0,74,2021-07-26 19:26:02
0,346.0,74,2021-07-05 03:18:55
0,620.0,74,2021-07-26 13:35:51
0,232.0,74,2021-07-26 16:43:37
0,5351.0,74,2021-07-26 21:31:26
0,178.0,74,2021-07-12 23:11:13
0,1995.0,74,2021-07-12 11:03:48
0,566.0,74,2021-07-05 11:31:38
0,437.0,74,2021-07-19 09:17:45
0,2273.0,74,2021-07-19 12:14:03
0,233.0,74,2021-07-12 16:04:56
0,264.0,74,2021-07-12 15:21:42
0,1680.0,74,2021-07-12 10:54:23
0,1452.0,74,2021-07-05 15:58:59
0,1413.0,74,2021-07-19 17:46:49
0,1412.0,74,2021-07-26 22:34:44
0,696.0,74,2021-07-19 11:44:48
0,1430.0,74,2021-07-05 13:45:05
0,1938.0,74,2021-07-26 18:01:06
0,833.0,74,2021-07-05 08:29:35
0,591.0,74,2021-07-26 17:21:12
0,831.0,74,2021-07-19 20:14:09
0,309.0,74,2021-07-26 17:38:10
0,3437.0,74,2021-07-26 15:50:13
0,5745.0,74,2021-07-12 07:35:57
0,655.0,74,2021-07-19 18:36:26
0,1078.0,74,2021-07-12 16:53:58
0,973.0,74,2021-07-19 16:58:45
0,643.0,74,2021-07-19 21:54:29
0,1692.0,74,2021-07-05 17:44:38
0,1676.0,74,2021-07-05 17:44:52
0,1200.0,74,2021-07-19 16:29:47
0,955.0,74,2021-07-05 00:23:38
0,482.0,74,2021-07-19 10:07:14
0,708.0,74,2021-07-12 10:28:25
0,412.0,74,2021-07-05 18:58:33
0,812.0,74,2021-07-19 20:38:11
0,2375.0,74,2021-07-19 18:53:08
0,600.0,74,2021-07-19 16:37:21
0,578.0,74,2021-07-05 04:39:08
0,490.0,74,2021-07-19 16:07:06
0,622.0,74,2021-07-26 02:49:31
0,1012.0,74,2021-07-19 18:39:48
0,2016.0,74,2021-07-26 20:34:52
0,2642.0,74,2021-07-12 08:14:33
0,1934.0,74,2021-07-12 20:26:48
0,874.0,74,2021-07-05 13:36:29
0,522.0,74,2021-07-19 20:19:57
0,1721.0,74,2021-07-19 19:35:36
0,812.0,74,2021-07-05 19:43:23
0,2578.0,74,2021-07-26 17:01:56
0,875.0,74,2021-07-05 15:02:11
0,461.0,74,2021-07-19 19:48:00
0,830.0,74,2021-07-12 13:37:14
0,950.0,74,2021-07-26 12:08:45
0,1076.0,74,2021-07-19 16:44:30
0,887.0,74,2021-07-12 22:26:11
0,1070.0,74,2021-07-19 16:44:31
0,1843.0,74,2021-07-19 17:10:30
0,1242.0,74,2021-07-19 07:31:51
0,2142.0,74,2021-07-05 11:13:08
0,720.0,74,2021-07-05 14:40:49
0,711.0,74,2021-07-05 18:01:59
0,710.0,74,2021-07-19 11:21:28
0,625.0,74,2021-07-12 07:03:50
0,1163.0,74,2021-07-26 09:02:07
0,733.0,74,2021-07-19 14:47:25
0,2100.0,74,2021-07-05 18:55:30
0,2073.0,74,2021-07-05 18:55:50
0,3831.0,74,2021-07-12 07:53:55
0,2011.0,74,2021-07-05 19:41:14
0,331.0,74,2021-07-12 16:02:06
0,554.0,74,2021-07-12 14:33:48
0,491.0,74,2021-07-05 19:16:33
0,259.0,74,2021-07-19 12:24:00
0,291.0,74,2021-07-12 12:22:22
0,756.0,74,2021-07-26 17:41:10
0,306.0,74,2021-07-26 18:13:23
0,716.0,74,2021-07-26 12:04:33
0,372.0,74,2021-07-12 19:47:53
0,1589.0,74,2021-07-19 14:48:35
0,581.0,74,2021-07-26 17:44:08
0,2566.0,74,2021-07-26 12:02:47
0,1435.0,74,2021-07-05 22:43:20
0,705.0,74,2021-07-12 08:01:08
0,629.0,74,2021-07-26 20:11:41
0,1056.0,74,2021-07-05 16:45:40
0,1168.0,74,2021-07-05 22:32:33
0,548.0,74,2021-07-05 13:47:26
0,5395.0,74,2021-07-19 11:38:18
0,720.0,74,2021-07-19 14:51:01
0,711.0,74,2021-07-12 19:21:54
0,763.0,74,2021-07-19 13:00:56
0,384.0,74,2021-07-12 18:03:59
0,324.0,74,2021-07-19 18:34:58
0,1518.0,74,2021-07-05 23:34:08
0,148.0,74,2021-07-05 23:25:36
0,580.0,74,2021-07-26 07:22:48
0,493.0,74,2021-07-05 12:52:23
0,251.0,74,2021-07-05 16:43:34
0,372.0,74,2021-07-05 15:33:18
0,489.0,74,2021-07-12 19:28:38
0,153.0,74,2021-07-19 20:07:52
0,1016.0,74,2021-07-19 07:55:32
0,166.0,74,2021-07-19 22:23:37
0,1969.0,74,2021-07-12 08:58:30
0,935.0,74,2021-07-12 14:35:55
0,2233.0,74,2021-07-12 01:12:01
0,266.0,74,2021-07-05 06:59:11
0,439.0,74,2021-07-05 03:57:05
0,462.0,74,2021-07-26 09:08:39
0,417.0,74,2021-07-12 17:37:22
0,6329.0,74,2021-07-19 07:51:09
0,560.0,74,2021-07-26 10:19:13
0,564.0,74,2021-07-26 08:42:16
0,443.0,74,2021-07-19 00:16:22
0,367.0,74,2021-07-12 13:32:16
0,355.0,74,2021-07-26 17:19:05
0,288.0,74,2021-07-26 07:26:41
0,486.0,74,2021-07-19 13:00:02
0,331.0,74,2021-07-12 08:47:07
0,199.0,74,2021-07-19 07:46:03
0,194.0,74,2021-07-12 01:20:47
0,731.0,74,2021-07-19 17:52:13
0,2949.0,74,2021-07-12 13:31:30
0,1455.0,74,2021-07-19 14:29:18
0,331.0,74,2021-07-19 12:29:56
0,683.0,74,2021-07-05 13:33:00
0,527.0,74,2021-07-12 13:23:35
0,133.0,74,2021-07-26 12:20:13
0,856.0,74,2021-07-26 14:14:35
0,495.0,74,2021-07-26 09:21:07
0,520.0,74,2021-07-12 16:44:50
0,101.0,74,2021-07-26 18:18:21
0,326.0,74,2021-07-26 20:07:45
0,305.0,74,2021-07-19 08:31:01
0,1402.0,74,2021-07-05 12:20:58
0,3437.0,74,2021-07-19 23:07:06
0,238.0,74,2021-07-12 07:34:43
0,521.0,74,2021-07-26 15:58:08
0,385.0,74,2021-07-26 09:10:55
0,256.0,74,2021-07-19 05:40:47
0,594.0,74,2021-07-12 07:04:34
0,293.0,74,2021-07-26 06:18:39
0,1065.0,74,2021-07-05 15:28:35
0,318.0,74,2021-07-12 06:31:02
0,261.0,74,2021-07-05 06:12:15
0,254.0,74,2021-07-12 23:39:38
0,416.0,74,2021-07-05 11:09:32
0,809.0,74,2021-07-26 14:43:09
0,922.0,74,2021-07-12 12:49:54
0,499.0,74,2021-07-19 09:16:38
0,1435.0,74,2021-07-26 06:28:59
0,779.0,74,2021-07-26 10:36:37
0,868.0,74,2021-07-26 00:53:57
0,898.0,74,2021-07-19 15:03:15
0,806.0,74,2021-07-05 22:27:29
0,1102.0,74,2021-07-19 21:40:04
0,1341.0,74,2021-07-19 21:35:39
0,2057.0,74,2021-07-26 21:00:16
0,1805.0,74,2021-07-12 10:50:41
0,797.0,74,2021-07-19 20:32:03
0,846.0,74,2021-07-19 20:32:34
0,484.0,74,2021-07-19 13:27:02
0,219.0,74,2021-07-26 18:05:10
0,3733.0,74,2021-07-05 00:22:39
0,2656.0,74,2021-07-12 14:01:38
0,158.0,74,2021-07-26 22:31:36
0,1501.0,74,2021-07-19 13:13:44
0,470.0,74,2021-07-12 21:26:00
0,255.0,74,2021-07-26 19:58:29
0,1173.0,74,2021-07-26 20:57:38
0,384.0,74,2021-07-19 15:40:28
0,116.0,74,2021-07-19 18:01:36
0,1300.0,74,2021-07-26 17:14:33
0,2023.0,74,2021-07-05 14:26:42
0,602.0,74,2021-07-26 08:17:00
0,4117.0,74,2021-07-12 11:35:57
0,155.0,74,2021-07-12 12:32:01
0,497.0,74,2021-07-26 08:18:25
0,4.0,74,2021-07-19 20:44:09
0,2787.0,74,2021-07-19 16:11:33
0,2246.0,74,2021-07-05 19:53:56
0,4.0,74,2021-07-19 09:45:04
0,6.0,74,2021-07-19 08:50:13
0,10.0,74,2021-07-19 08:50:56
0,2230.0,74,2021-07-12 22:06:35
0,1058.0,74,2021-07-26 19:41:52
0,452.0,74,2021-07-26 14:05:32
0,308.0,74,2021-07-26 13:26:03
0,910.0,74,2021-07-05 09:29:37
0,115.0,74,2021-07-19 11:30:42
0,3729.0,74,2021-07-05 18:09:41
0,567.0,74,2021-07-12 12:37:30
0,356.0,74,2021-07-19 18:30:04
0,1221.0,74,2021-07-19 19:08:56
0,534.0,74,2021-07-26 06:48:15
0,966.0,74,2021-07-19 04:39:50
0,611.0,74,2021-07-26 03:47:14
0,360.0,74,2021-07-05 09:19:22
0,789.0,74,2021-07-12 08:53:08
0,793.0,74,2021-07-26 19:08:40
0,815.0,74,2021-07-12 18:06:43
0,491.0,74,2021-07-12 05:35:24
0,532.0,74,2021-07-26 05:37:23
0,405.0,74,2021-07-19 05:42:25
0,806.0,74,2021-07-05 22:14:20
0,551.0,74,2021-07-19 08:28:15
0,885.0,74,2021-07-26 13:42:44
0,446.0,74,2021-07-19 06:28:39
0,1672.0,74,2021-07-05 01:18:57
0,736.0,74,2021-07-26 13:28:40
0,944.0,74,2021-07-19 18:03:49
0,416.0,74,2021-07-12 08:28:38
0,1017.0,74,2021-07-12 09:47:29
0,1330.0,74,2021-07-26 21:07:34
0,215.0,74,2021-07-05 18:53:49
0,105.0,74,2021-07-05 18:52:34
0,185.0,74,2021-07-26 08:42:18
0,218.0,74,2021-07-05 13:28:28
0,123.0,74,2021-07-12 07:51:54
0,107.0,74,2021-07-19 12:33:55
0,89.0,74,2021-07-19 08:58:50
0,127.0,74,2021-07-12 17:00:44
0,285.0,74,2021-07-05 16:00:36
0,364.0,74,2021-07-12 10:41:13
0,2596.0,74,2021-07-12 16:44:47
0,197.0,74,2021-07-12 22:32:31
0,969.0,74,2021-07-05 18:51:43
0,685.0,74,2021-07-26 23:11:30
0,1229.0,74,2021-07-12 16:12:37
0,202.0,74,2021-07-26 08:33:09
0,425.0,74,2021-07-19 18:46:58
0,642.0,74,2021-07-12 02:22:15
0,428.0,74,2021-07-26 18:47:06
0,4141.0,74,2021-07-12 22:39:44
0,307.0,74,2021-07-05 08:29:22
0,1029.0,74,2021-07-05 16:15:03
0,1021.0,74,2021-07-19 15:29:21
0,344.0,74,2021-07-05 01:00:23
0,525.0,74,2021-07-26 19:35:21
0,454.0,74,2021-07-12 06:23:31
0,499.0,74,2021-07-26 19:35:21
0,238.0,74,2021-07-05 23:40:37
0,207.0,74,2021-07-05 04:24:07
0,425.0,74,2021-07-12 10:55:18
0,1843.0,74,2021-07-12 09:47:47
0,145.0,74,2021-07-12 07:30:18
0,146.0,74,2021-07-12 10:25:22
0,1348.0,74,2021-07-05 20:01:12
0,396.0,74,2021-07-26 17:54:43
0,184.0,74,2021-07-26 11:40:00
0,284.0,74,2021-07-12 21:36:00
0,1337.0,74,2021-07-05 14:10:23
0,2.0,74,2021-07-05 14:32:09
0,1407.0,74,2021-07-05 19:13:36
0,486.0,74,2021-07-12 16:43:46
0,1819.0,74,2021-07-05 19:18:17
0,320.0,74,2021-07-19 18:59:20
0,317.0,74,2021-07-05 05:34:14
0,715.0,74,2021-07-19 01:09:00
0,714.0,74,2021-07-05 09:35:19
0,717.0,74,2021-07-12 16:26:23
0,323.0,74,2021-07-26 20:23:36
0,716.0,74,2021-07-26 15:11:30
0,833.0,74,2021-07-05 18:03:41
0,638.0,74,2021-07-12 18:06:38
0,279.0,74,2021-07-19 14:22:03
0,537.0,74,2021-07-26 19:36:28
0,728.0,74,2021-07-19 22:26:31
0,1016.0,74,2021-07-05 06:57:40
0,1103.0,74,2021-07-05 20:34:29
0,1118.0,74,2021-07-05 17:01:32
0,556.0,74,2021-07-26 21:10:28
0,694.0,74,2021-07-26 14:07:02
0,906.0,74,2021-07-26 09:34:26
0,206.0,74,2021-07-12 17:32:59
0,879.0,74,2021-07-26 19:30:38
0,1421.0,74,2021-07-19 16:59:18
0,863.0,74,2021-07-05 08:33:51
0,777.0,74,2021-07-19 19:21:20
0,677.0,74,2021-07-19 20:17:29
0,530.0,74,2021-07-05 12:56:33
0,1056.0,74,2021-07-26 13:24:05
0,134.0,74,2021-07-19 18:05:52
0,492.0,74,2021-07-05 10:02:17
0,519.0,74,2021-07-19 10:15:42
0,825.0,74,2021-07-26 15:38:12
0,86.0,74,2021-07-12 17:00:45
0,91.0,74,2021-07-12 16:51:50
0,56.0,74,2021-07-12 16:56:45
0,776.0,74,2021-07-26 21:58:17
0,763.0,74,2021-07-05 13:43:37
0,359.0,74,2021-07-05 00:55:35
0,252.0,74,2021-07-12 13:59:25
0,876.0,74,2021-07-05 13:43:58
0,511.0,74,2021-07-12 23:00:33
0,584.0,74,2021-07-19 19:52:58
0,1606.0,74,2021-07-12 00:30:54
0,773.0,74,2021-07-05 12:51:31
0,847.0,74,2021-07-12 15:06:08
0,2053.0,74,2021-07-19 13:25:30
0,962.0,74,2021-07-19 14:43:47
0,229.0,74,2021-07-05 17:42:24
0,677.0,74,2021-07-26 09:12:18
0,748.0,74,2021-07-19 11:59:33
0,742.0,74,2021-07-12 12:02:51
0,873.0,74,2021-07-26 11:13:52
0,177.0,74,2021-07-19 00:42:28
0,187.0,74,2021-07-19 08:57:28
0,1059.0,74,2021-07-05 20:12:08
0,187.0,74,2021-07-05 21:41:51
0,152.0,74,2021-07-26 07:56:17
0,79.0,74,2021-07-26 13:13:26
0,5.0,74,2021-07-05 19:18:36
0,1284.0,74,2021-07-12 13:03:27
0,1445.0,74,2021-07-19 17:19:32
0,50.0,74,2021-07-12 07:33:24
0,1181.0,74,2021-07-12 13:30:52
0,483.0,74,2021-07-19 14:57:03
0,123.0,74,2021-07-26 17:23:49
0,548.0,74,2021-07-12 17:11:55
0,303.0,74,2021-07-19 21:43:32
0,251.0,74,2021-07-19 09:19:16
0,502.0,74,2021-07-26 17:01:32
0,705.0,74,2021-07-05 23:52:45
0,707.0,74,2021-07-05 12:40:42
0,671.0,74,2021-07-19 17:05:53
0,687.0,74,2021-07-05 12:41:04
0,652.0,74,2021-07-19 20:29:54
0,424.0,74,2021-07-05 16:18:42
0,567.0,74,2021-07-12 08:16:24
0,604.0,74,2021-07-19 20:49:47
0,926.0,74,2021-07-05 13:20:14
0,316.0,74,2021-07-12 12:50:46
0,285.0,74,2021-07-12 08:32:07
0,1711.0,74,2021-07-05 20:30:21
0,1403.0,74,2021-07-12 05:58:37
0,242.0,74,2021-07-19 14:49:00
0,229.0,74,2021-07-19 15:08:57
0,131.0,74,2021-07-19 18:47:52
0,341.0,74,2021-07-26 20:48:45
0,339.0,74,2021-07-19 15:15:29
0,513.0,74,2021-07-05 09:21:12
0,184.0,74,2021-07-12 16:49:54
0,342.0,74,2021-07-19 09:45:23
0,207.0,74,2021-07-19 14:57:05
0,201.0,74,2021-07-12 08:01:16
0,286.0,74,2021-07-12 16:34:54
0,98.0,74,2021-07-19 09:49:41
0,92.0,74,2021-07-05 14:47:10
0,76.0,74,2021-07-05 14:43:34
0,78.0,74,2021-07-05 14:36:41
0,79.0,74,2021-07-05 14:50:52
0,72.0,74,2021-07-05 14:40:18
0,79.0,74,2021-07-05 14:54:27
0,78.0,74,2021-07-05 14:57:59
0,173.0,74,2021-07-12 11:04:27
0,3764.0,74,2021-07-26 17:47:19
0,594.0,74,2021-07-12 01:20:54
0,689.0,74,2021-07-05 15:04:23
0,435.0,74,2021-07-26 06:37:05
0,453.0,74,2021-07-12 06:46:28
0,451.0,74,2021-07-19 19:02:14
0,6450.0,74,2021-07-05 17:16:09
0,2888.0,74,2021-07-19 16:36:22
0,1155.0,74,2021-07-19 09:48:10
0,980.0,74,2021-07-26 16:20:19
0,611.0,74,2021-07-19 15:15:09
0,1420.0,74,2021-07-19 16:11:46
0,1202.0,74,2021-07-12 16:04:55
0,595.0,74,2021-07-26 11:06:11
0,641.0,74,2021-07-19 13:22:05
0,566.0,74,2021-07-12 23:43:08
0,337.0,74,2021-07-19 10:04:06
0,312.0,74,2021-07-26 07:05:46
0,677.0,74,2021-07-12 17:39:46
0,793.0,74,2021-07-26 16:43:54
0,452.0,74,2021-07-19 19:38:45
0,415.0,74,2021-07-05 14:06:09
0,1095.0,74,2021-07-26 16:56:48
0,603.0,74,2021-07-26 09:45:48
0,297.0,74,2021-07-26 19:41:00
0,737.0,74,2021-07-19 18:58:30
0,436.0,74,2021-07-19 08:32:54
0,332.0,74,2021-07-26 10:18:25
0,497.0,74,2021-07-12 16:13:55
0,3372.0,74,2021-07-05 01:14:47
0,595.0,74,2021-07-26 21:19:33
0,632.0,74,2021-07-12 08:46:56
0,296.0,74,2021-07-19 14:44:34
0,341.0,74,2021-07-19 02:28:58
0,525.0,74,2021-07-12 17:35:00
0,3891.0,74,2021-07-26 14:19:00
0,1494.0,74,2021-07-19 11:27:24
0,1399.0,74,2021-07-19 14:55:00
0,39.0,74,2021-07-05 00:47:19
0,569.0,74,2021-07-19 21:57:12
0,845.0,74,2021-07-19 16:11:27
0,1015.0,74,2021-07-19 16:08:26
0,1835.0,74,2021-07-05 18:38:54
0,1643.0,74,2021-07-19 21:46:05
0,323.0,74,2021-07-19 06:42:48
0,757.0,74,2021-07-12 08:33:30
0,563.0,74,2021-07-12 21:35:20
0,446.0,74,2021-07-26 08:37:09
0,436.0,74,2021-07-26 08:26:59
0,598.0,74,2021-07-26 08:27:28
0,2148.0,74,2021-07-05 18:37:32
0,2249.0,74,2021-07-05 18:41:36
0,785.0,74,2021-07-19 08:36:28
0,503.0,74,2021-07-12 19:15:08
0,577.0,74,2021-07-19 08:41:05
0,808.0,74,2021-07-26 17:46:33
0,641.0,74,2021-07-26 08:47:46
0,832.0,74,2021-07-26 18:37:28
0,1804.0,74,2021-07-05 13:36:21
0,805.0,74,2021-07-19 08:09:49
0,1002.0,74,2021-07-12 07:35:39
0,374.0,74,2021-07-05 21:54:57
0,369.0,74,2021-07-19 16:16:34
0,374.0,74,2021-07-19 12:21:00
0,518.0,74,2021-07-05 21:46:41
0,475.0,74,2021-07-05 05:51:07
0,959.0,74,2021-07-12 20:20:23
0,966.0,74,2021-07-12 20:20:13
0,353.0,74,2021-07-12 10:05:14
0,954.0,74,2021-07-12 20:20:24
0,474.0,74,2021-07-12 08:53:35
0,924.0,74,2021-07-12 20:20:53
0,407.0,74,2021-07-26 20:28:00
0,518.0,74,2021-07-19 19:13:47
0,479.0,74,2021-07-26 15:55:19
0,1543.0,74,2021-07-12 13:22:50
0,497.0,74,2021-07-05 17:01:33
0,448.0,74,2021-07-12 16:55:31
0,1640.0,74,2021-07-12 14:47:34
0,489.0,74,2021-07-19 18:40:18
0,506.0,74,2021-07-26 09:29:14
0,416.0,74,2021-07-05 21:55:00
0,541.0,74,2021-07-26 22:53:25
0,416.0,74,2021-07-05 14:49:40
0,633.0,74,2021-07-26 16:10:02
0,548.0,74,2021-07-12 15:43:44
0,483.0,74,2021-07-05 09:54:03
0,1533.0,74,2021-07-12 13:22:58
0,616.0,74,2021-07-19 13:13:39
0,270.0,74,2021-07-12 17:16:26
0,294.0,74,2021-07-19 00:45:20
0,724.0,74,2021-07-12 07:58:01
0,379.0,74,2021-07-26 17:25:49
0,618.0,74,2021-07-12 09:33:42
0,286.0,74,2021-07-12 13:43:06
0,316.0,74,2021-07-26 16:56:18
0,484.0,74,2021-07-12 15:51:11
0,257.0,74,2021-07-12 21:34:18
0,390.0,74,2021-07-26 08:18:52
0,471.0,74,2021-07-26 18:49:49
0,391.0,74,2021-07-26 10:48:22
0,276.0,74,2021-07-19 15:49:35
0,435.0,74,2021-07-05 21:07:05
0,5320.0,74,2021-07-26 14:54:43
0,1011.0,74,2021-07-12 20:53:03
0,278.0,74,2021-07-19 09:03:01
0,2171.0,74,2021-07-05 22:22:04
0,1768.0,74,2021-07-19 16:18:15
0,574.0,74,2021-07-12 19:01:36
0,205.0,74,2021-07-26 23:33:27
0,355.0,74,2021-07-05 20:19:14
0,5187.0,74,2021-07-26 14:56:34
0,818.0,74,2021-07-26 17:56:55
0,406.0,74,2021-07-12 18:55:51
0,1055.0,74,2021-07-19 11:25:33
0,599.0,74,2021-07-19 17:30:47
0,1923.0,74,2021-07-26 14:49:49
0,4859.0,74,2021-07-26 15:02:14
0,371.0,74,2021-07-05 09:08:28
0,813.0,74,2021-07-05 19:15:32
0,498.0,74,2021-07-05 19:07:26
0,385.0,74,2021-07-26 08:07:12
0,337.0,74,2021-07-05 16:09:15
0,1051.0,74,2021-07-26 14:54:46
0,602.0,74,2021-07-05 16:23:51
0,2368.0,74,2021-07-26 15:55:10
0,305.0,74,2021-07-19 08:53:13
0,381.0,74,2021-07-05 21:25:24
0,415.0,74,2021-07-19 10:19:06
0,257.0,74,2021-07-12 18:58:56
0,492.0,74,2021-07-05 16:51:01
0,1219.0,74,2021-07-12 12:18:07
0,337.0,74,2021-07-05 17:41:42
0,535.0,74,2021-07-05 16:42:52
0,886.0,74,2021-07-26 18:51:23
0,3256.0,74,2021-07-26 13:42:02
0,404.0,74,2021-07-05 22:13:36
0,1833.0,74,2021-07-05 20:34:22
0,653.0,74,2021-07-05 12:38:10
0,615.0,74,2021-07-05 20:56:20
0,640.0,74,2021-07-05 20:56:20
0,640.0,74,2021-07-05 12:38:17
0,546.0,74,2021-07-19 08:23:25
0,439.0,74,2021-07-19 08:36:15
0,775.0,74,2021-07-12 13:39:29
0,1311.0,74,2021-07-12 17:48:49
0,957.0,74,2021-07-19 18:06:53
0,493.0,74,2021-07-12 07:22:28
0,283.0,74,2021-07-19 16:47:34
0,497.0,74,2021-07-19 18:27:32
0,1239.0,74,2021-07-26 15:36:55
0,2107.0,74,2021-07-19 10:33:31
0,772.0,74,2021-07-12 19:43:15
0,2135.0,74,2021-07-05 10:28:44
0,291.0,74,2021-07-12 18:03:56
0,380.0,74,2021-07-26 08:49:03
0,805.0,74,2021-07-05 18:17:20
0,1026.0,74,2021-07-19 02:16:58
0,380.0,74,2021-07-26 08:20:29
0,486.0,74,2021-07-12 08:07:49
0,775.0,74,2021-07-26 18:26:25
0,519.0,74,2021-07-05 23:39:21
0,860.0,74,2021-07-19 19:22:28
0,789.0,74,2021-07-26 19:00:24
0,2572.0,74,2021-07-26 19:59:26
0,472.0,74,2021-07-19 20:53:25
0,413.0,74,2021-07-26 06:06:23
0,1118.0,74,2021-07-26 14:01:00
0,354.0,74,2021-07-19 12:43:53
0,427.0,74,2021-07-26 18:44:30
0,361.0,74,2021-07-26 12:25:25
0,807.0,74,2021-07-26 19:00:32
0,386.0,74,2021-07-19 13:26:37
0,432.0,74,2021-07-12 13:38:59
0,4169.0,74,2021-07-19 08:12:52
0,525.0,74,2021-07-12 10:58:30
0,3288.0,74,2021-07-12 09:12:57
0,647.0,74,2021-07-12 15:25:21
0,463.0,74,2021-07-12 12:50:18
0,1474.0,74,2021-07-26 20:26:43
0,359.0,74,2021-07-12 19:17:30
0,416.0,74,2021-07-19 16:38:44
0,438.0,74,2021-07-12 16:58:16
0,1163.0,74,2021-07-26 12:43:13
0,435.0,74,2021-07-12 09:31:17
0,434.0,74,2021-07-26 13:31:40
0,1864.0,74,2021-07-26 16:31:41
0,393.0,74,2021-07-26 16:42:30
0,287.0,74,2021-07-12 01:43:07
0,475.0,74,2021-07-26 12:22:06
0,1160.0,74,2021-07-05 16:20:58
0,1229.0,74,2021-07-05 16:20:46
0,660.0,74,2021-07-19 23:37:55
0,1059.0,74,2021-07-26 18:10:23
0,419.0,74,2021-07-12 08:57:35
0,726.0,74,2021-07-19 14:59:18
0,304.0,74,2021-07-26 22:20:38
0,1384.0,74,2021-07-19 16:34:46
0,920.0,74,2021-07-12 19:07:31
0,478.0,74,2021-07-26 13:31:24
0,15427.0,74,2021-07-26 21:26:02
0,1282.0,74,2021-07-19 17:01:47
0,2007.0,74,2021-07-12 12:57:41
0,991.0,74,2021-07-05 15:00:52
0,291.0,74,2021-07-19 22:41:17
0,542.0,74,2021-07-05 17:38:01
0,255.0,74,2021-07-19 06:03:20
0,527.0,74,2021-07-05 13:32:57
0,343.0,74,2021-07-19 18:34:26
0,305.0,74,2021-07-19 13:39:41
0,877.0,74,2021-07-26 20:12:09
0,1379.0,74,2021-07-26 08:08:28
0,2126.0,74,2021-07-26 20:50:20
0,964.0,74,2021-07-12 09:21:19
0,1236.0,74,2021-07-05 12:16:07
0,1085.0,74,2021-07-19 11:28:33
0,321.0,74,2021-07-12 07:48:14
0,1541.0,74,2021-07-05 21:38:57
0,532.0,74,2021-07-26 16:46:50
0,788.0,74,2021-07-05 00:32:29
0,1280.0,74,2021-07-19 08:14:11
0,1313.0,74,2021-07-26 08:33:42
0,594.0,74,2021-07-26 19:44:10
0,1158.0,74,2021-07-05 05:05:53
0,1497.0,74,2021-07-26 06:30:06
0,29.0,74,2021-07-19 13:26:08
0,62.0,74,2021-07-12 08:10:17
0,626.0,74,2021-07-12 19:13:55
0,30.0,74,2021-07-19 10:03:48
0,30.0,74,2021-07-12 17:03:24
0,13.0,74,2021-07-12 14:06:02
0,2959.0,74,2021-07-12 11:09:48
0,209.0,74,2021-07-26 13:54:07
0,461.0,74,2021-07-19 18:45:17
0,1634.0,74,2021-07-26 18:53:07
0,909.0,74,2021-07-19 10:18:40
0,707.0,74,2021-07-19 19:37:44
0,383.0,74,2021-07-12 14:56:08
0,1659.0,74,2021-07-12 00:52:23
0,584.0,74,2021-07-19 18:31:15
0,720.0,74,2021-07-19 18:13:15
0,242.0,74,2021-07-12 20:43:41
0,188.0,74,2021-07-26 17:08:36
0,1059.0,74,2021-07-26 15:06:46
0,188.0,74,2021-07-19 19:00:01
0,276.0,74,2021-07-26 18:44:32
0,286.0,74,2021-07-12 21:03:03
0,189.0,74,2021-07-26 06:39:56
0,327.0,74,2021-07-26 20:48:43
0,212.0,74,2021-07-12 20:48:37
0,274.0,74,2021-07-19 12:21:05
0,188.0,74,2021-07-19 13:26:20
0,1319.0,74,2021-07-26 16:45:05
0,319.0,74,2021-07-26 20:53:49
0,930.0,74,2021-07-19 04:45:44
0,514.0,74,2021-07-26 15:34:21
0,398.0,74,2021-07-26 18:14:40
0,1887.0,74,2021-07-19 16:44:04
0,17.0,74,2021-07-26 16:55:40
0,22.0,74,2021-07-19 01:11:07
0,148.0,74,2021-07-19 04:37:23
0,1335.0,74,2021-07-19 10:24:21
0,502.0,74,2021-07-19 22:46:59
0,1120.0,74,2021-07-19 20:41:56
0,2203.0,74,2021-07-05 16:36:30
0,2032.0,74,2021-07-26 10:02:47
0,1502.0,74,2021-07-05 08:59:39
0,727.0,74,2021-07-12 12:28:04
0,811.0,74,2021-07-26 19:44:46
0,457.0,74,2021-07-19 19:50:27
0,733.0,74,2021-07-12 19:32:55
0,588.0,74,2021-07-05 20:22:31
0,501.0,74,2021-07-26 18:52:15
0,818.0,74,2021-07-12 14:30:28
0,536.0,74,2021-07-19 06:28:03
0,500.0,74,2021-07-26 06:28:31
0,468.0,74,2021-07-12 06:45:47
0,1808.0,74,2021-07-26 18:35:03
0,482.0,74,2021-07-26 06:57:05
0,493.0,74,2021-07-26 16:26:52
0,759.0,74,2021-07-26 18:55:13
0,3151.0,74,2021-07-12 08:14:58
0,2917.0,74,2021-07-26 11:24:18
0,2902.0,74,2021-07-12 14:06:49
0,616.0,74,2021-07-12 19:42:55
0,429.0,74,2021-07-12 07:54:18
0,1071.0,74,2021-07-05 13:07:26
0,1915.0,74,2021-07-26 09:24:56
0,3215.0,74,2021-07-19 15:17:29
0,304.0,74,2021-07-26 16:04:22
0,665.0,74,2021-07-12 10:12:01
0,607.0,74,2021-07-19 10:11:08
0,97.0,74,2021-07-26 23:02:59
0,1337.0,74,2021-07-05 16:47:08
0,739.0,74,2021-07-05 17:16:20
0,921.0,74,2021-07-05 15:15:51
0,2718.0,74,2021-07-19 18:03:22
0,688.0,74,2021-07-05 17:17:07
0,2838.0,74,2021-07-19 18:01:09
0,581.0,74,2021-07-12 15:22:44
0,650.0,74,2021-07-05 11:11:55
0,235.0,74,2021-07-19 19:09:13
0,343.0,74,2021-07-19 02:42:56
0,704.0,74,2021-07-12 09:56:57
0,628.0,74,2021-07-05 04:27:50
0,831.0,74,2021-07-19 14:47:47
0,955.0,74,2021-07-26 06:48:47
0,521.0,74,2021-07-26 12:28:38
0,539.0,74,2021-07-19 13:29:51
0,810.0,74,2021-07-26 17:45:59
0,1566.0,74,2021-07-19 09:21:22
0,11437.0,74,2021-07-19 10:08:34
0,759.0,74,2021-07-26 22:02:06
0,964.0,74,2021-07-19 15:36:45
0,806.0,74,2021-07-12 07:48:40
0,874.0,74,2021-07-26 17:15:32
0,383.0,74,2021-07-26 15:57:18
0,394.0,74,2021-07-05 10:57:36
0,396.0,74,2021-07-19 21:46:14
0,564.0,74,2021-07-19 09:00:40
0,1178.0,74,2021-07-19 14:40:33
0,1306.0,74,2021-07-05 16:55:16
0,714.0,74,2021-07-26 07:16:32
0,589.0,74,2021-07-05 04:46:23
0,586.0,74,2021-07-19 03:56:56
0,600.0,74,2021-07-26 04:15:37
0,1710.0,74,2021-07-19 19:24:58
0,2584.0,74,2021-07-19 08:37:10
0,1051.0,74,2021-07-12 17:20:27
0,1390.0,74,2021-07-26 19:03:55
0,2264.0,74,2021-07-12 06:19:49
0,584.0,74,2021-07-12 08:54:56
0,804.0,74,2021-07-19 09:04:36
0,1602.0,74,2021-07-26 16:39:13
0,2509.0,74,2021-07-26 18:36:10
0,2318.0,74,2021-07-19 18:42:19
0,212.0,74,2021-07-26 14:50:47
0,238.0,74,2021-07-05 06:24:01
0,1584.0,74,2021-07-12 18:08:24
0,2416.0,74,2021-07-05 20:45:31
0,496.0,74,2021-07-05 14:44:58
0,433.0,74,2021-07-12 17:55:50
0,3816.0,74,2021-07-05 00:25:07
0,280.0,74,2021-07-19 03:27:22
0,3889.0,74,2021-07-19 11:49:12
0,160.0,74,2021-07-19 19:48:42
0,178.0,74,2021-07-19 22:07:51
0,177.0,74,2021-07-12 20:43:15
0,144.0,74,2021-07-26 18:25:52
0,327.0,74,2021-07-12 10:59:22
0,28.0,74,2021-07-12 09:10:03
0,13.0,74,2021-07-19 06:49:48
0,4.0,74,2021-07-19 16:22:19
0,503.0,74,2021-07-12 08:45:37
0,481.0,74,2021-07-05 13:41:53
0,2528.0,74,2021-07-12 18:13:37
0,299.0,74,2021-07-26 08:04:45
0,308.0,74,2021-07-19 07:10:21
0,586.0,74,2021-07-19 15:10:02
0,412.0,74,2021-07-12 12:38:09
0,67.0,74,2021-07-19 06:26:47
0,99.0,74,2021-07-26 07:23:07
0,145.0,74,2021-07-05 11:38:06
0,1025.0,74,2021-07-12 14:10:31
0,2734.0,74,2021-07-12 16:46:28
0,390.0,74,2021-07-26 12:10:23
0,356.0,74,2021-07-12 12:15:30
0,362.0,74,2021-07-05 12:03:34
0,369.0,74,2021-07-12 12:06:30
0,1938.0,74,2021-07-19 07:51:34
0,721.0,74,2021-07-26 19:27:19
0,445.0,74,2021-07-19 13:20:37
0,255.0,74,2021-07-12 09:32:20
0,672.0,74,2021-07-19 16:36:08
0,327.0,74,2021-07-19 13:32:45
0,334.0,74,2021-07-19 06:47:10
0,1029.0,74,2021-07-05 17:55:54
0,1740.0,74,2021-07-12 09:29:52
0,1237.0,74,2021-07-26 14:27:51
0,685.0,74,2021-07-12 07:55:39
0,1220.0,74,2021-07-26 13:18:46
0,454.0,74,2021-07-19 16:05:18
0,474.0,74,2021-07-26 20:15:07
0,817.0,74,2021-07-26 14:08:26
0,610.0,74,2021-07-19 13:11:50
0,442.0,74,2021-07-12 08:39:02
0,318.0,74,2021-07-12 18:46:17
0,287.0,74,2021-07-26 18:15:29
0,607.0,74,2021-07-19 16:28:38
0,575.0,74,2021-07-05 20:46:14
0,1810.0,74,2021-07-26 10:03:07
0,428.0,74,2021-07-26 11:14:44
0,391.0,74,2021-07-05 09:33:14
0,379.0,74,2021-07-26 14:48:47
0,3770.0,74,2021-07-26 09:50:32
0,552.0,74,2021-07-12 08:26:23
0,543.0,74,2021-07-19 14:15:45
0,741.0,74,2021-07-12 09:48:38
0,535.0,74,2021-07-19 08:34:09
0,516.0,74,2021-07-26 18:16:03
0,574.0,74,2021-07-05 20:46:23
0,1469.0,74,2021-07-19 14:15:39
0,332.0,74,2021-07-19 16:52:33
0,673.0,74,2021-07-19 16:42:33
0,241.0,74,2021-07-12 04:35:02
0,311.0,74,2021-07-12 12:07:22
0,782.0,74,2021-07-19 14:34:31
0,335.0,74,2021-07-26 18:52:54
0,337.0,74,2021-07-26 18:52:49
0,684.0,74,2021-07-12 13:07:37
0,984.0,74,2021-07-05 14:22:19
0,299.0,74,2021-07-12 11:27:31
0,511.0,74,2021-07-26 00:14:35
0,688.0,74,2021-07-05 13:58:39
0,399.0,74,2021-07-05 20:22:10
0,830.0,74,2021-07-05 13:08:46
0,357.0,74,2021-07-12 13:19:14
0,507.0,74,2021-07-12 04:29:42
0,528.0,74,2021-07-19 04:27:30
0,617.0,74,2021-07-26 04:19:59
0,429.0,74,2021-07-19 08:52:18
0,580.0,74,2021-07-05 19:29:26
0,525.0,74,2021-07-12 16:59:50
0,419.0,74,2021-07-05 10:58:24
0,458.0,74,2021-07-19 13:38:30
0,834.0,74,2021-07-12 09:14:05
0,380.0,74,2021-07-19 12:21:34
0,359.0,74,2021-07-26 13:53:34
0,841.0,74,2021-07-12 09:14:01
0,474.0,74,2021-07-12 17:13:49
0,424.0,74,2021-07-12 13:35:58
0,451.0,74,2021-07-26 21:34:01
0,677.0,74,2021-07-19 15:53:38
0,504.0,74,2021-07-19 16:35:59
0,334.0,74,2021-07-19 18:57:50
0,2617.0,74,2021-07-26 10:49:33
0,2663.0,74,2021-07-12 11:09:40
0,642.0,74,2021-07-26 18:02:55
0,2726.0,74,2021-07-05 10:56:45
0,285.0,74,2021-07-26 20:05:36
0,262.0,74,2021-07-19 17:48:55
0,440.0,74,2021-07-19 11:16:35
0,270.0,74,2021-07-19 18:59:26
0,177.0,74,2021-07-19 17:06:53
0,227.0,74,2021-07-12 19:49:21
0,2023.0,74,2021-07-26 20:50:26
0,705.0,74,2021-07-05 14:27:03
0,653.0,74,2021-07-19 15:21:07
0,578.0,74,2021-07-19 15:22:26
0,1805.0,74,2021-07-26 19:00:14
0,366.0,74,2021-07-19 11:00:29
0,1774.0,74,2021-07-12 07:55:20
0,367.0,74,2021-07-12 21:09:58
0,332.0,74,2021-07-05 19:25:17
0,173.0,74,2021-07-12 19:05:32
0,122.0,74,2021-07-12 14:28:54
0,494.0,74,2021-07-05 17:30:17
0,148.0,74,2021-07-12 12:56:49
0,1290.0,74,2021-07-05 13:34:09
0,798.0,74,2021-07-19 17:14:57
0,524.0,74,2021-07-26 20:21:52
0,124.0,74,2021-07-26 17:26:11
0,93.0,74,2021-07-05 15:11:41
0,82.0,74,2021-07-05 15:07:54
0,316.0,74,2021-07-12 16:48:36
0,292.0,74,2021-07-26 18:30:27
0,548.0,74,2021-07-19 15:22:45
0,163.0,74,2021-07-26 16:58:13
0,835.0,74,2021-07-19 17:12:43
0,604.0,74,2021-07-12 11:50:52
0,254.0,74,2021-07-05 11:01:36
0,414.0,74,2021-07-26 12:41:28
0,224.0,74,2021-07-12 15:00:51
0,239.0,74,2021-07-26 08:05:54
0,155.0,74,2021-07-19 15:02:09
0,255.0,74,2021-07-05 20:49:16
0,173.0,74,2021-07-12 13:47:51
0,753.0,74,2021-07-26 18:47:00
0,180.0,74,2021-07-19 13:42:54
0,163.0,74,2021-07-26 19:15:21
0,138.0,74,2021-07-12 07:03:54
0,140.0,74,2021-07-26 07:09:52
0,360.0,74,2021-07-26 10:04:12
0,125.0,74,2021-07-05 14:46:44
0,206.0,74,2021-07-26 19:34:34
0,110.0,74,2021-07-19 11:05:58
0,241.0,74,2021-07-19 16:09:26
0,296.0,74,2021-07-19 12:24:38
0,1728.0,74,2021-07-26 12:10:30
0,286.0,74,2021-07-19 20:11:23
0,307.0,74,2021-07-19 11:26:33
0,240.0,74,2021-07-19 05:53:25
0,555.0,74,2021-07-12 09:02:15
0,511.0,74,2021-07-26 05:46:10
0,331.0,74,2021-07-26 17:35:18
0,312.0,74,2021-07-19 16:26:03
0,878.0,74,2021-07-26 15:12:21
0,766.0,74,2021-07-26 18:49:53
0,930.0,74,2021-07-26 15:12:14
0,508.0,74,2021-07-12 22:04:40
0,402.0,74,2021-07-12 16:14:34
0,312.0,74,2021-07-19 18:34:11
0,229.0,74,2021-07-26 08:17:20
0,641.0,74,2021-07-05 17:35:26
0,965.0,74,2021-07-19 17:01:43
0,640.0,74,2021-07-19 07:54:29
0,771.0,74,2021-07-05 23:00:29
0,148.0,74,2021-07-12 11:16:56
0,385.0,74,2021-07-19 19:15:51
0,556.0,74,2021-07-12 06:56:48
0,147.0,74,2021-07-26 13:45:37
0,364.0,74,2021-07-19 19:16:15
0,181.0,74,2021-07-12 09:52:37
0,266.0,74,2021-07-26 14:45:21
0,238.0,74,2021-07-05 19:49:07
0,224.0,74,2021-07-05 15:19:11
0,173.0,74,2021-07-26 16:50:13
0,277.0,74,2021-07-19 17:56:48
0,224.0,74,2021-07-19 13:29:23
0,1864.0,74,2021-07-05 09:22:58
0,502.0,74,2021-07-26 08:57:44
0,414.0,74,2021-07-05 18:04:24
0,231.0,74,2021-07-12 16:25:25
0,293.0,74,2021-07-05 15:30:03
0,233.0,74,2021-07-05 19:25:24
0,348.0,74,2021-07-12 10:38:35
0,391.0,74,2021-07-12 10:12:45
0,1200.0,74,2021-07-05 11:17:40
0,436.0,74,2021-07-12 09:11:45
0,327.0,74,2021-07-05 10:43:14
0,376.0,74,2021-07-26 09:08:19
0,419.0,74,2021-07-26 19:18:42
0,206.0,74,2021-07-26 10:16:21
0,1257.0,74,2021-07-19 16:08:03
0,304.0,74,2021-07-12 17:40:56
0,3881.0,74,2021-07-05 14:26:42
0,295.0,74,2021-07-26 00:48:44
0,357.0,74,2021-07-05 15:08:59
0,390.0,74,2021-07-19 09:03:10
0,2096.0,74,2021-07-12 21:32:31
0,530.0,74,2021-07-19 15:29:02
0,334.0,74,2021-07-26 17:04:37
0,375.0,74,2021-07-12 19:13:14
0,554.0,74,2021-07-19 17:10:49
0,509.0,74,2021-07-12 17:25:03
0,224.0,74,2021-07-26 16:33:33
0,1218.0,74,2021-07-05 14:34:21
0,360.0,74,2021-07-12 18:16:43
0,412.0,74,2021-07-26 16:54:57
0,102.0,74,2021-07-12 06:04:22
0,111.0,74,2021-07-05 18:13:54
0,672.0,74,2021-07-05 07:45:34
0,370.0,74,2021-07-26 05:57:36
0,638.0,74,2021-07-05 20:21:33
0,375.0,74,2021-07-19 17:53:48
0,1142.0,74,2021-07-05 14:35:35
0,971.0,74,2021-07-26 17:08:24
0,504.0,74,2021-07-19 11:13:59
0,706.0,74,2021-07-19 10:45:02
0,155.0,74,2021-07-26 14:28:46
0,569.0,74,2021-07-26 14:12:12
0,8286.0,74,2021-07-05 13:21:17
0,1327.0,74,2021-07-19 21:21:46
0,111.0,74,2021-07-05 20:27:47
0,1788.0,74,2021-07-19 17:50:22
0,556.0,74,2021-07-19 18:11:26
0,661.0,74,2021-07-26 07:55:37
0,456.0,74,2021-07-05 22:10:13
0,368.0,74,2021-07-05 19:26:33
0,104.0,74,2021-07-26 16:54:39
0,2572.0,74,2021-07-26 14:12:50
0,493.0,74,2021-07-05 11:55:46
0,113.0,74,2021-07-19 16:18:09
0,352.0,74,2021-07-26 20:28:36
0,300.0,74,2021-07-05 00:19:41
0,994.0,74,2021-07-26 16:31:50
0,286.0,74,2021-07-19 21:05:59
0,299.0,74,2021-07-05 21:24:52
0,922.0,74,2021-07-26 16:33:01
0,638.0,74,2021-07-19 09:25:00
0,437.0,74,2021-07-05 16:50:14
0,598.0,74,2021-07-26 18:49:38
0,335.0,74,2021-07-05 00:19:03
0,5740.0,74,2021-07-26 18:47:17
0,544.0,74,2021-07-05 16:20:11
0,475.0,74,2021-07-05 16:49:32
0,806.0,74,2021-07-19 19:38:11
0,450.0,74,2021-07-19 12:21:25
0,234.0,74,2021-07-05 15:19:31
0,1883.0,74,2021-07-05 15:01:10
0,2946.0,74,2021-07-19 10:22:59
0,710.0,74,2021-07-05 14:00:59
0,8.0,74,2021-07-19 13:37:20
0,347.0,74,2021-07-05 20:19:41
0,854.0,74,2021-07-19 19:12:53
0,16.0,74,2021-07-26 18:50:39
0,76.0,74,2021-07-19 12:12:23
0,960.0,74,2021-07-26 18:13:52
0,32.0,74,2021-07-05 18:45:16
0,537.0,74,2021-07-12 19:22:05
0,699.0,74,2021-07-12 19:40:26
0,9.0,74,2021-07-19 07:10:35
0,2135.0,74,2021-07-05 12:21:37
0,4.0,74,2021-07-05 18:02:40
0,10.0,74,2021-07-19 16:41:33
0,780.0,74,2021-07-19 08:40:47
0,1853.0,74,2021-07-19 14:22:41
0,387.0,74,2021-07-26 19:00:33
0,738.0,74,2021-07-05 17:00:56
0,425.0,74,2021-07-12 09:12:39
0,12.0,74,2021-07-05 23:39:52
0,3546.0,74,2021-07-19 20:48:39
0,349.0,74,2021-07-26 05:07:32
0,156.0,74,2021-07-26 16:37:54
0,175.0,74,2021-07-26 15:36:51
0,303.0,74,2021-07-12 20:01:47
0,337.0,74,2021-07-12 05:17:11
0,165.0,74,2021-07-26 17:05:48
0,165.0,74,2021-07-12 19:36:13
0,592.0,74,2021-07-19 16:43:03
0,183.0,74,2021-07-26 08:28:22
0,163.0,74,2021-07-05 15:32:58
0,285.0,74,2021-07-05 13:48:13
0,646.0,74,2021-07-12 13:44:33
0,284.0,74,2021-07-26 11:39:05
0,11.0,74,2021-07-05 09:09:32
0,637.0,74,2021-07-26 09:13:30
0,16.0,74,2021-07-05 15:14:40
0,71.0,74,2021-07-19 14:52:39
0,748.0,74,2021-07-26 20:04:08
0,8521.0,74,2021-07-05 14:01:46
0,365.0,74,2021-07-05 17:59:26
0,450.0,74,2021-07-26 20:02:52
0,897.0,74,2021-07-26 19:00:02
0,198.0,74,2021-07-19 12:36:10
0,444.0,74,2021-07-05 14:45:54
0,456.0,74,2021-07-19 07:17:35
0,281.0,74,2021-07-12 17:59:30
0,294.0,74,2021-07-19 13:08:14
0,283.0,74,2021-07-05 09:21:28
0,564.0,74,2021-07-12 19:36:05
0,377.0,74,2021-07-12 18:32:44
0,340.0,74,2021-07-12 07:26:41
0,707.0,74,2021-07-26 19:03:10
0,614.0,74,2021-07-26 21:03:42
0,589.0,74,2021-07-26 13:47:12
0,374.0,74,2021-07-19 19:52:08
0,570.0,74,2021-07-26 13:47:04
0,504.0,74,2021-07-26 23:11:29
0,352.0,74,2021-07-05 13:16:39
0,256.0,74,2021-07-26 14:30:37
0,275.0,74,2021-07-12 08:11:10
0,332.0,74,2021-07-19 05:11:27
0,325.0,74,2021-07-26 21:03:17
0,226.0,74,2021-07-05 15:01:46
0,648.0,74,2021-07-26 08:15:03
0,595.0,74,2021-07-26 05:20:40
0,1042.0,74,2021-07-19 05:25:27
0,527.0,74,2021-07-12 17:40:09
0,657.0,74,2021-07-05 16:59:35
0,632.0,74,2021-07-12 16:35:44
0,1005.0,74,2021-07-26 12:22:27
0,1597.0,74,2021-07-12 16:52:36
0,1178.0,74,2021-07-12 10:38:22
0,526.0,74,2021-07-12 20:59:08
0,1127.0,74,2021-07-05 12:21:47
0,1461.0,74,2021-07-05 02:31:54
0,1189.0,74,2021-07-05 12:21:05
0,1405.0,74,2021-07-05 13:09:31
0,558.0,74,2021-07-26 17:39:51
0,393.0,74,2021-07-12 10:45:39
0,667.0,74,2021-07-19 13:50:55
0,2745.0,74,2021-07-19 07:46:19
0,670.0,74,2021-07-12 15:23:45
0,649.0,74,2021-07-26 14:31:29
0,710.0,74,2021-07-26 20:20:01
0,765.0,74,2021-07-26 06:47:59
0,1475.0,74,2021-07-26 00:08:21
0,521.0,74,2021-07-19 10:02:28
0,1646.0,74,2021-07-19 11:52:03
0,1683.0,74,2021-07-26 22:20:04
0,1361.0,74,2021-07-12 17:21:20
0,1075.0,74,2021-07-12 06:06:29
0,1155.0,74,2021-07-26 11:01:47
0,1263.0,74,2021-07-26 06:06:32
0,1140.0,74,2021-07-19 06:06:08
0,328.0,74,2021-07-12 15:16:59
0,767.0,74,2021-07-12 17:49:50
0,334.0,74,2021-07-19 01:49:19
0,531.0,74,2021-07-05 14:51:26
0,199.0,74,2021-07-05 06:39:45
0,297.0,74,2021-07-19 06:31:54
0,694.0,74,2021-07-19 17:22:54
0,858.0,74,2021-07-05 15:03:46
0,721.0,74,2021-07-19 17:41:05
0,1418.0,74,2021-07-05 18:41:32
0,319.0,74,2021-07-26 15:15:55
0,189.0,74,2021-07-12 09:57:10
0,368.0,74,2021-07-26 17:53:56
0,500.0,74,2021-07-12 07:02:02
0,253.0,74,2021-07-19 19:12:13
0,886.0,74,2021-07-12 00:42:19
0,375.0,74,2021-07-05 13:18:12
0,307.0,74,2021-07-05 17:08:32
0,260.0,74,2021-07-26 10:18:19
0,121.0,74,2021-07-12 10:57:41
0,154.0,74,2021-07-26 16:22:02
0,297.0,74,2021-07-05 03:47:19
0,577.0,74,2021-07-26 17:11:59
0,420.0,74,2021-07-05 21:42:17
0,850.0,74,2021-07-19 21:58:10
0,277.0,74,2021-07-26 15:53:32
0,274.0,74,2021-07-19 09:51:31
0,756.0,74,2021-07-19 14:39:02
0,142.0,74,2021-07-05 16:50:08
0,374.0,74,2021-07-19 17:35:35
0,191.0,74,2021-07-12 22:48:14
0,129.0,74,2021-07-12 10:41:36
0,2783.0,74,2021-07-05 19:40:22
0,2799.0,74,2021-07-19 08:35:34
0,482.0,74,2021-07-26 17:32:14
0,223.0,74,2021-07-19 17:26:37
0,5150.0,74,2021-07-19 14:09:16
0,1892.0,74,2021-07-12 19:31:19
0,297.0,74,2021-07-05 17:08:31
0,499.0,74,2021-07-05 13:15:42
0,678.0,74,2021-07-19 16:52:00
0,1458.0,74,2021-07-05 19:52:06
0,292.0,74,2021-07-12 17:11:17
0,1911.0,74,2021-07-12 10:27:56
0,1838.0,74,2021-07-26 11:37:31
0,1270.0,74,2021-07-19 16:46:57
0,550.0,74,2021-07-05 20:06:28
0,274.0,74,2021-07-12 20:46:41
0,385.0,74,2021-07-12 20:46:37
0,717.0,74,2021-07-05 14:57:02
0,397.0,74,2021-07-19 17:35:25
0,597.0,74,2021-07-05 18:32:46
0,780.0,74,2021-07-05 01:24:32
0,140.0,74,2021-07-05 17:09:39
0,752.0,74,2021-07-05 11:32:26
0,142.0,74,2021-07-12 08:25:11
0,867.0,74,2021-07-26 22:47:59
0,813.0,74,2021-07-12 10:07:41
0,107.0,74,2021-07-26 15:32:42
0,1075.0,74,2021-07-05 07:08:27
0,1444.0,74,2021-07-12 21:11:33
0,4.0,74,2021-07-26 12:40:16
0,916.0,74,2021-07-05 09:09:58
0,4772.0,74,2021-07-05 09:21:42
0,668.0,74,2021-07-05 20:27:50
0,666.0,74,2021-07-05 14:42:25
0,124.0,74,2021-07-12 20:20:12
0,266.0,74,2021-07-19 12:27:57
0,105.0,74,2021-07-05 23:37:52
0,503.0,74,2021-07-19 07:27:24
0,1232.0,74,2021-07-05 00:28:53
0,749.0,74,2021-07-26 18:46:36
0,388.0,74,2021-07-26 22:27:49
0,485.0,74,2021-07-12 07:29:54
0,2656.0,74,2021-07-05 00:26:11
0,1221.0,74,2021-07-05 17:20:26
0,642.0,74,2021-07-12 11:32:18
0,7788.0,74,2021-07-05 13:19:45
0,163.0,74,2021-07-19 08:13:51
0,362.0,74,2021-07-19 19:00:19
0,3.0,74,2021-07-19 17:47:46
0,326.0,74,2021-07-19 08:46:21
0,267.0,74,2021-07-26 13:44:43
0,2.0,74,2021-07-19 12:29:24
0,1221.0,74,2021-07-19 16:36:31
0,666.0,74,2021-07-05 18:27:31
0,162.0,74,2021-07-05 13:21:44
0,283.0,74,2021-07-12 18:42:20
0,401.0,74,2021-07-26 19:38:44
0,241.0,74,2021-07-19 16:08:10
0,159.0,74,2021-07-19 15:27:49
0,659.0,74,2021-07-05 18:46:39
0,1826.0,74,2021-07-19 19:59:35
0,2145.0,74,2021-07-12 20:45:25
0,379.0,74,2021-07-26 16:44:59
0,4161.0,74,2021-07-05 19:33:43
0,721.0,74,2021-07-05 20:05:46
0,3761.0,74,2021-07-05 15:52:15
0,1262.0,74,2021-07-05 18:54:27
0,289.0,74,2021-07-19 20:03:10
0,525.0,74,2021-07-26 19:00:45
0,306.0,74,2021-07-05 10:51:45
0,1943.0,74,2021-07-26 17:51:40
0,361.0,74,2021-07-19 01:16:31
0,732.0,74,2021-07-12 09:51:55
0,844.0,74,2021-07-05 19:33:42
0,2933.0,74,2021-07-05 18:37:34
0,288.0,74,2021-07-05 14:43:32
0,423.0,74,2021-07-26 12:03:29
0,2560.0,74,2021-07-26 00:23:20
0,661.0,74,2021-07-05 15:14:56
0,301.0,74,2021-07-19 01:02:48
0,846.0,74,2021-07-26 10:34:39
0,10082.0,74,2021-07-19 23:45:30
0,948.0,74,2021-07-19 08:40:58
0,854.0,74,2021-07-12 08:20:00
0,991.0,74,2021-07-05 17:21:01
0,1050.0,74,2021-07-26 10:03:23
0,1123.0,74,2021-07-26 09:38:55
0,501.0,74,2021-07-26 18:14:06
0,548.0,74,2021-07-12 17:12:02
0,967.0,74,2021-07-19 18:26:25
0,608.0,74,2021-07-19 10:42:54
0,696.0,74,2021-07-05 14:31:31
0,454.0,74,2021-07-26 17:15:11
0,822.0,74,2021-07-26 17:28:46
0,732.0,74,2021-07-12 19:48:24
0,863.0,74,2021-07-12 19:23:39
0,1050.0,74,2021-07-19 09:21:19
0,978.0,74,2021-07-05 10:34:37
0,1470.0,74,2021-07-26 15:03:35
0,1072.0,74,2021-07-12 21:14:53
0,724.0,74,2021-07-12 15:44:38
0,1585.0,74,2021-07-12 13:24:53
0,1034.0,74,2021-07-05 07:31:53
0,1067.0,74,2021-07-12 08:28:06
0,411.0,74,2021-07-05 23:26:45
0,361.0,74,2021-07-12 09:23:23
0,380.0,74,2021-07-12 16:09:37
0,893.0,74,2021-07-12 10:14:56
0,979.0,74,2021-07-12 16:44:17
0,945.0,74,2021-07-12 20:06:26
0,963.0,74,2021-07-05 16:52:39
0,1096.0,74,2021-07-26 15:17:45
0,1055.0,74,2021-07-26 12:01:05
0,1085.0,74,2021-07-05 20:08:27
0,1244.0,74,2021-07-26 16:54:08
0,432.0,74,2021-07-26 20:34:37
0,1298.0,74,2021-07-26 07:24:03
0,1443.0,74,2021-07-26 14:11:23
0,7239.0,74,2021-07-12 20:22:10
0,1138.0,74,2021-07-19 06:39:09
0,935.0,74,2021-07-05 23:21:20
0,733.0,74,2021-07-05 16:32:53
0,1933.0,74,2021-07-05 08:37:21
0,753.0,74,2021-07-12 16:14:20
0,1750.0,74,2021-07-12 08:46:46
0,780.0,74,2021-07-05 20:48:04
0,583.0,74,2021-07-26 07:26:29
0,686.0,74,2021-07-05 13:54:00
0,1245.0,74,2021-07-05 16:13:47
0,805.0,74,2021-07-05 15:58:07
0,787.0,74,2021-07-19 11:38:13
0,784.0,74,2021-07-19 08:16:32
0,589.0,74,2021-07-12 07:34:37
0,654.0,74,2021-07-19 06:54:22
0,2104.0,74,2021-07-19 14:19:50
0,989.0,74,2021-07-19 17:19:06
0,1090.0,74,2021-07-12 13:34:24
0,579.0,74,2021-07-05 09:59:24
0,408.0,74,2021-07-05 14:39:05
0,1207.0,74,2021-07-12 08:02:47
0,677.0,74,2021-07-26 20:52:24
0,612.0,74,2021-07-05 18:32:48
0,892.0,74,2021-07-19 11:26:42
0,555.0,74,2021-07-05 05:43:51
0,659.0,74,2021-07-12 14:24:43
0,657.0,74,2021-07-19 07:27:30
0,498.0,74,2021-07-19 22:09:46
0,470.0,74,2021-07-26 22:33:32
0,505.0,74,2021-07-19 22:37:47
0,1717.0,74,2021-07-05 15:47:14
0,579.0,74,2021-07-12 11:52:31
0,2471.0,74,2021-07-19 18:27:11
0,1531.0,74,2021-07-19 15:17:40
0,1037.0,74,2021-07-26 13:03:15
0,829.0,74,2021-07-12 17:42:06
0,956.0,74,2021-07-05 02:08:43
0,1056.0,74,2021-07-12 01:04:32
0,1201.0,74,2021-07-12 19:31:17
0,1252.0,74,2021-07-19 08:43:10
0,2134.0,74,2021-07-19 15:17:49
0,536.0,74,2021-07-12 15:28:37
0,595.0,74,2021-07-26 16:58:21
0,1261.0,74,2021-07-26 07:45:58
0,916.0,74,2021-07-05 16:46:38
0,6527.0,74,2021-07-19 09:59:02
0,717.0,74,2021-07-26 21:30:30
0,732.0,74,2021-07-26 00:06:48
0,604.0,74,2021-07-19 19:27:40
0,424.0,74,2021-07-19 07:21:52
0,226.0,74,2021-07-19 08:33:06
0,632.0,74,2021-07-19 19:26:48
0,210.0,74,2021-07-05 09:04:11
0,557.0,74,2021-07-26 11:44:34
0,861.0,74,2021-07-19 19:29:55
0,663.0,74,2021-07-19 10:42:46
0,359.0,74,2021-07-12 00:16:39
0,1725.0,74,2021-07-19 19:11:52
0,196.0,74,2021-07-19 13:45:30
0,4244.0,74,2021-07-19 13:56:29
0,669.0,74,2021-07-26 12:33:49
0,780.0,74,2021-07-26 10:14:50
0,513.0,74,2021-07-19 11:43:17
0,472.0,74,2021-07-26 09:32:41
0,862.0,74,2021-07-05 15:46:03
0,1751.0,74,2021-07-26 18:16:35
0,249.0,74,2021-07-12 10:00:58
0,643.0,74,2021-07-12 15:30:52
0,533.0,74,2021-07-26 19:12:53
0,410.0,74,2021-07-12 18:42:22
0,1699.0,74,2021-07-05 02:08:42
0,798.0,74,2021-07-12 12:03:40
0,673.0,74,2021-07-05 20:03:14
0,1592.0,74,2021-07-19 14:08:07
0,339.0,74,2021-07-19 22:34:29
0,2193.0,74,2021-07-26 17:20:39
0,693.0,74,2021-07-19 06:03:06
0,639.0,74,2021-07-26 13:47:23
0,31.0,74,2021-07-19 18:58:40
0,2653.0,74,2021-07-05 15:46:59
0,158.0,74,2021-07-12 10:51:30
0,1424.0,74,2021-07-19 17:21:24
0,302.0,74,2021-07-26 21:17:47
0,1369.0,74,2021-07-05 00:37:53
0,3969.0,74,2021-07-05 15:59:17
0,26.0,74,2021-07-12 08:15:30
0,552.0,74,2021-07-19 14:44:02
0,734.0,74,2021-07-26 19:47:24
0,1336.0,74,2021-07-05 22:06:17
0,2295.0,74,2021-07-19 19:04:58
0,2424.0,74,2021-07-05 17:23:46
0,631.0,74,2021-07-05 19:28:08
0,1654.0,74,2021-07-05 14:02:12
0,2829.0,74,2021-07-05 18:40:33
0,1338.0,74,2021-07-12 19:49:32
0,3939.0,74,2021-07-05 15:59:19
0,546.0,74,2021-07-12 17:39:41
0,914.0,74,2021-07-26 19:42:43
0,634.0,74,2021-07-19 13:30:22
0,770.0,74,2021-07-26 19:10:04
0,659.0,74,2021-07-12 18:54:26
0,689.0,74,2021-07-26 08:51:37
0,411.0,74,2021-07-26 16:49:18
0,810.0,74,2021-07-26 18:29:30
0,404.0,74,2021-07-19 02:05:06
0,290.0,74,2021-07-05 08:44:33
0,1.0,74,2021-07-26 09:03:43
0,192.0,74,2021-07-05 01:16:18
0,0.0,74,2021-07-05 14:33:52
0,363.0,74,2021-07-26 09:08:55
0,288.0,74,2021-07-26 23:10:35
0,645.0,74,2021-07-19 09:03:05
0,517.0,74,2021-07-12 17:39:27
0,1400.0,74,2021-07-19 16:41:26
0,886.0,74,2021-07-05 19:11:34
0,197.0,74,2021-07-12 07:28:29
0,862.0,74,2021-07-05 13:41:21
0,470.0,74,2021-07-19 15:31:21
0,528.0,74,2021-07-26 17:09:10
0,3614.0,74,2021-07-19 12:36:29
0,1027.0,74,2021-07-19 12:53:42
0,452.0,74,2021-07-19 19:54:15
0,832.0,74,2021-07-05 14:26:24
0,1708.0,74,2021-07-12 17:32:20
0,100.0,74,2021-07-12 05:55:52
0,205.0,74,2021-07-12 21:29:33
0,537.0,74,2021-07-19 17:24:04
0,279.0,74,2021-07-26 21:42:30
0,542.0,74,2021-07-12 16:48:46
0,453.0,74,2021-07-05 16:52:34
0,305.0,74,2021-07-26 17:44:19
0,617.0,74,2021-07-19 16:20:42
0,531.0,74,2021-07-26 15:50:06
0,584.0,74,2021-07-12 15:49:13
0,1092.0,74,2021-07-12 14:53:23
0,449.0,74,2021-07-19 14:29:57
0,1026.0,74,2021-07-19 08:15:02
0,480.0,74,2021-07-26 14:50:49
0,89995.0,74,2021-07-19 20:47:04
0,900.0,74,2021-07-26 17:36:43
0,427.0,74,2021-07-26 14:11:24
0,632.0,74,2021-07-12 14:47:39
0,617.0,74,2021-07-12 06:25:45
0,2106.0,74,2021-07-19 14:50:05
0,795.0,74,2021-07-26 09:01:16
0,777.0,74,2021-07-12 10:24:01
0,887.0,74,2021-07-05 09:10:02
0,1464.0,74,2021-07-05 16:13:26
0,1333.0,74,2021-07-19 19:03:06
0,1609.0,74,2021-07-12 18:04:14
0,674.0,74,2021-07-19 04:40:11
0,667.0,74,2021-07-19 16:05:13
0,3400.0,74,2021-07-05 12:16:44
0,910.0,74,2021-07-19 18:04:01
0,535.0,74,2021-07-12 14:31:25
0,841.0,74,2021-07-19 18:05:04
0,840.0,74,2021-07-05 00:29:31
0,484.0,74,2021-07-26 16:10:45
0,1351.0,74,2021-07-05 11:33:57
0,815.0,74,2021-07-12 07:12:06
0,3488.0,74,2021-07-05 12:16:20
0,704.0,74,2021-07-12 12:26:33
0,1263.0,74,2021-07-19 10:03:19
0,1883.0,74,2021-07-05 16:33:57
0,1282.0,74,2021-07-19 10:02:54
0,554.0,74,2021-07-26 16:25:34
0,581.0,74,2021-07-19 14:00:11
0,565.0,74,2021-07-19 18:21:27
0,665.0,74,2021-07-12 17:07:54
0,912.0,74,2021-07-05 16:16:29
0,1742.0,74,2021-07-26 18:38:32
0,1892.0,74,2021-07-12 18:14:53
0,900.0,74,2021-07-12 11:20:51
0,544.0,74,2021-07-05 14:50:20
0,1342.0,74,2021-07-12 12:02:38
0,577.0,74,2021-07-05 20:34:01
0,787.0,74,2021-07-26 18:18:05
0,1268.0,74,2021-07-19 12:15:41
0,1732.0,74,2021-07-12 13:20:08
0,2152.0,74,2021-07-05 20:10:34
0,462.0,74,2021-07-26 15:40:37
0,551.0,74,2021-07-05 12:54:35
0,401.0,74,2021-07-12 09:20:39
0,1640.0,74,2021-07-26 15:01:13
0,792.0,74,2021-07-19 21:37:56
0,692.0,74,2021-07-26 08:37:14
0,801.0,74,2021-07-12 09:56:31
0,819.0,74,2021-07-26 09:17:04
0,1329.0,74,2021-07-05 22:59:29
0,607.0,74,2021-07-26 14:32:37
0,1139.0,74,2021-07-19 17:52:10
0,1442.0,74,2021-07-19 08:32:15
0,1042.0,74,2021-07-05 08:35:31
0,2618.0,74,2021-07-12 12:12:29
0,489.0,74,2021-07-19 13:15:35
0,368.0,74,2021-07-05 16:49:37
0,675.0,74,2021-07-19 18:11:18
0,2122.0,74,2021-07-05 15:55:04
0,1032.0,74,2021-07-19 11:41:36
0,1519.0,74,2021-07-26 00:21:17
0,1735.0,74,2021-07-26 00:17:33
0,1768.0,74,2021-07-05 16:15:11
0,679.0,74,2021-07-12 17:57:13
0,660.0,74,2021-07-19 08:40:00
0,493.0,74,2021-07-26 11:54:46
0,386.0,74,2021-07-26 06:11:38
0,436.0,74,2021-07-26 08:27:19
0,712.0,74,2021-07-26 01:01:59
0,1125.0,74,2021-07-12 15:17:58
0,428.0,74,2021-07-26 18:12:54
0,1063.0,74,2021-07-12 07:02:12
0,366.0,74,2021-07-05 00:24:17
0,825.0,74,2021-07-05 08:34:57
0,3229.0,74,2021-07-26 23:32:18
0,89.0,74,2021-07-12 11:58:31
0,121.0,74,2021-07-19 11:59:15
0,1173.0,74,2021-07-19 15:22:54
0,704.0,74,2021-07-12 06:20:25
0,242.0,74,2021-07-26 19:23:50
0,2474.0,74,2021-07-26 15:18:13
0,1673.0,74,2021-07-19 19:48:15
0,352.0,74,2021-07-12 13:26:13
0,556.0,74,2021-07-26 12:49:06
0,606.0,74,2021-07-19 12:48:17
0,556.0,74,2021-07-12 12:49:12
0,1676.0,74,2021-07-12 23:49:20
0,310.0,74,2021-07-26 20:14:52
0,314.0,74,2021-07-12 21:22:26
0,289.0,74,2021-07-26 21:00:59
0,254.0,74,2021-07-05 17:43:18
0,4193.0,74,2021-07-19 13:56:53
0,449.0,74,2021-07-26 21:11:12
0,291.0,74,2021-07-26 17:37:28
0,211.0,74,2021-07-26 17:42:23
0,166.0,74,2021-07-05 16:11:50
0,739.0,74,2021-07-19 10:31:26
0,1027.0,74,2021-07-05 22:55:08
0,199.0,74,2021-07-19 10:14:51
0,1051.0,74,2021-07-12 09:41:43
0,1007.0,74,2021-07-12 21:14:12
0,111.0,74,2021-07-26 07:58:09
0,524.0,74,2021-07-26 12:03:42
0,1045.0,74,2021-07-19 08:58:02
0,265.0,74,2021-07-05 03:30:57
0,187.0,74,2021-07-26 20:08:39
0,841.0,74,2021-07-19 22:04:56
0,261.0,74,2021-07-19 21:33:33
0,241.0,74,2021-07-12 21:28:52
0,272.0,74,2021-07-12 05:50:15
0,2915.0,74,2021-07-19 21:43:20
0,341.0,74,2021-07-12 21:11:12
0,1036.0,74,2021-07-12 09:47:19
0,1330.0,74,2021-07-26 08:45:41
0,585.0,74,2021-07-12 18:22:58
0,627.0,74,2021-07-26 19:35:04
0,429.0,74,2021-07-12 13:19:06
0,421.0,74,2021-07-05 01:06:52
0,1178.0,74,2021-07-26 19:17:50
0,480.0,74,2021-07-12 08:39:04
0,651.0,74,2021-07-26 22:00:22
0,675.0,74,2021-07-19 23:53:28
0,1077.0,74,2021-07-05 17:51:26
0,388.0,74,2021-07-26 00:43:18
0,380.0,74,2021-07-19 01:09:03
0,407.0,74,2021-07-19 05:39:20
0,1426.0,74,2021-07-26 13:26:56
0,3672.0,74,2021-07-19 17:23:16
0,1735.0,74,2021-07-26 16:45:22
0,792.0,74,2021-07-05 01:07:06
0,1003.0,74,2021-07-12 11:21:24
0,718.0,74,2021-07-19 12:23:43
0,696.0,74,2021-07-12 15:03:54
0,631.0,74,2021-07-12 16:50:52
0,1078.0,74,2021-07-12 20:39:10
0,813.0,74,2021-07-26 12:25:21
0,542.0,74,2021-07-05 19:08:29
0,629.0,74,2021-07-05 19:03:16
0,1288.0,74,2021-07-19 18:50:53
0,455.0,74,2021-07-12 14:46:26
0,1056.0,74,2021-07-19 20:28:39
0,779.0,74,2021-07-26 22:29:54
0,1158.0,74,2021-07-26 08:17:52
0,837.0,74,2021-07-05 11:51:37
0,2183.0,74,2021-07-26 11:13:56
0,2116.0,74,2021-07-19 13:29:47
0,1510.0,74,2021-07-26 13:40:22
0,3168.0,74,2021-07-05 18:09:23
0,1626.0,74,2021-07-19 19:00:08
0,1103.0,74,2021-07-26 16:42:03
0,469.0,74,2021-07-19 11:07:33
0,1857.0,74,2021-07-19 08:21:53
0,316.0,74,2021-07-26 12:38:39
0,683.0,74,2021-07-26 05:45:26
0,437.0,74,2021-07-05 15:15:00
0,549.0,74,2021-07-19 05:47:41
0,826.0,74,2021-07-12 16:58:33
0,1598.0,74,2021-07-19 21:44:46
0,709.0,74,2021-07-12 21:59:41
0,730.0,74,2021-07-12 16:12:58
0,1183.0,74,2021-07-19 18:09:30
0,491.0,74,2021-07-26 12:29:38
0,501.0,74,2021-07-05 12:36:48
0,879.0,74,2021-07-05 10:28:23
0,633.0,74,2021-07-05 22:03:27
0,2421.0,74,2021-07-05 15:40:59
0,2352.0,74,2021-07-05 15:42:06
0,296.0,74,2021-07-12 19:10:09
0,544.0,74,2021-07-26 07:50:23
0,898.0,74,2021-07-19 17:34:15
0,488.0,74,2021-07-05 10:46:01
0,728.0,74,2021-07-05 22:49:12
0,413.0,74,2021-07-26 22:27:09
0,256.0,74,2021-07-19 20:01:01
0,234.0,74,2021-07-26 11:05:46
0,294.0,74,2021-07-26 22:28:09
0,284.0,74,2021-07-19 10:45:27
0,267.0,74,2021-07-26 18:33:56
0,2834.0,74,2021-07-26 18:26:13
0,48.0,74,2021-07-05 16:07:01
0,199.0,74,2021-07-12 12:13:04
0,90.0,74,2021-07-05 14:47:29
0,868.0,74,2021-07-05 21:11:46
0,709.0,74,2021-07-05 19:02:41
0,142.0,74,2021-07-05 12:49:55
0,239.0,74,2021-07-26 10:03:46
0,4907.0,74,2021-07-12 12:54:59
0,2031.0,74,2021-07-12 21:17:04
0,1887.0,74,2021-07-05 10:22:20
0,585.0,74,2021-07-05 00:28:23
0,640.0,74,2021-07-12 21:02:28
0,3568.0,74,2021-07-05 14:26:19
0,820.0,74,2021-07-12 07:05:23
0,4946.0,74,2021-07-05 14:03:49
0,910.0,74,2021-07-05 22:01:18
0,2183.0,74,2021-07-19 21:11:21
0,329.0,74,2021-07-05 19:21:03
0,632.0,74,2021-07-26 21:09:45
0,1456.0,74,2021-07-19 22:53:53
0,365.0,74,2021-07-12 17:25:29
0,380.0,74,2021-07-05 17:21:42
0,248.0,74,2021-07-19 12:48:06
0,224.0,74,2021-07-05 18:14:50
0,264.0,74,2021-07-12 21:54:07
0,517.0,74,2021-07-19 07:15:58
0,6933.0,74,2021-07-05 17:37:10
0,3073.0,74,2021-07-26 18:43:23
0,4048.0,74,2021-07-05 09:29:48
0,411.0,74,2021-07-05 22:35:11
0,181.0,74,2021-07-12 19:55:00
0,191.0,74,2021-07-05 05:47:55
0,2018.0,74,2021-07-26 21:51:03
0,1404.0,74,2021-07-26 17:04:49
0,845.0,74,2021-07-05 17:41:11
0,1618.0,74,2021-07-19 11:10:49
0,2221.0,74,2021-07-26 17:34:05
0,1409.0,74,2021-07-05 17:27:44
0,757.0,74,2021-07-05 13:30:55
0,872.0,74,2021-07-12 18:15:07
0,515.0,74,2021-07-12 09:30:02
0,2351.0,74,2021-07-05 12:18:41
0,1089.0,74,2021-07-19 18:56:49
0,455.0,74,2021-07-19 15:46:41
0,581.0,74,2021-07-19 22:52:28
0,395.0,74,2021-07-26 16:18:45
0,390.0,74,2021-07-26 16:13:59
0,275.0,74,2021-07-12 08:28:33
0,727.0,74,2021-07-05 07:17:18
0,950.0,74,2021-07-05 18:20:08
0,14604.0,74,2021-07-19 09:55:29
0,910.0,74,2021-07-05 18:20:51
0,538.0,74,2021-07-05 05:25:29
0,533.0,74,2021-07-26 21:46:08
0,551.0,74,2021-07-19 11:59:43
0,2764.0,74,2021-07-19 13:10:49
0,564.0,74,2021-07-26 20:05:00
0,1131.0,74,2021-07-26 11:45:31
0,1193.0,74,2021-07-26 20:53:31
0,925.0,74,2021-07-05 12:46:48
0,1169.0,74,2021-07-12 12:23:00
0,991.0,74,2021-07-19 19:11:17
0,1101.0,74,2021-07-26 18:53:44
0,711.0,74,2021-07-19 20:17:59
0,1349.0,74,2021-07-19 13:47:23
0,1436.0,74,2021-07-26 14:17:37
0,1475.0,74,2021-07-26 09:45:57
0,1190.0,74,2021-07-05 12:14:26
0,422.0,74,2021-07-19 17:29:31
0,454.0,74,2021-07-19 08:50:59
0,2618.0,74,2021-07-12 23:27:25
0,2676.0,74,2021-07-12 23:27:17
0,918.0,74,2021-07-26 21:36:23
0,2441.0,74,2021-07-26 13:13:54
0,71.0,74,2021-07-19 13:19:48
0,98.0,74,2021-07-19 11:55:17
0,123.0,74,2021-07-26 08:02:44
0,200.0,74,2021-07-05 09:07:36
0,5533.0,74,2021-07-12 22:12:09
0,605.0,74,2021-07-05 15:12:07
0,555.0,74,2021-07-19 17:49:58
0,826.0,74,2021-07-26 00:22:17
0,552.0,74,2021-07-12 20:17:50
0,531.0,74,2021-07-12 00:46:22
0,481.0,74,2021-07-26 18:06:20
0,630.0,74,2021-07-26 19:08:17
0,733.0,74,2021-07-19 19:12:11
0,862.0,74,2021-07-26 23:56:03
0,1491.0,74,2021-07-12 20:14:15
0,841.0,74,2021-07-26 18:38:52
0,275.0,74,2021-07-05 10:59:59
0,406.0,74,2021-07-05 13:44:50
0,889.0,74,2021-07-05 04:29:13
0,279.0,74,2021-07-26 00:48:16
0,1050.0,74,2021-07-19 10:54:10
0,456.0,74,2021-07-12 14:14:51
0,345.0,74,2021-07-26 21:22:21
0,262.0,74,2021-07-12 18:24:40
0,529.0,74,2021-07-19 13:47:53
0,1439.0,74,2021-07-12 18:13:08
0,393.0,74,2021-07-05 23:36:55
0,702.0,74,2021-07-26 19:35:29
0,845.0,74,2021-07-05 13:20:24
0,3982.0,74,2021-07-05 22:06:01
0,205.0,74,2021-07-12 18:29:02
0,181.0,74,2021-07-26 21:48:57
0,328.0,74,2021-07-05 20:15:24
0,697.0,74,2021-07-05 18:03:40
0,249.0,74,2021-07-26 20:38:35
0,1286.0,74,2021-07-19 13:43:53
0,1432.0,74,2021-07-26 13:33:47
0,872.0,74,2021-07-05 12:43:20
0,1689.0,74,2021-07-19 07:11:57
0,98.0,74,2021-07-19 18:30:12
0,44.0,74,2021-07-19 12:26:20
0,933.0,74,2021-07-12 13:34:15
0,60.0,74,2021-07-26 07:33:26
0,186.0,74,2021-07-05 14:21:30
0,1020.0,74,2021-07-05 12:40:51
0,123.0,74,2021-07-26 17:02:06
0,728.0,74,2021-07-26 09:55:29
0,692.0,74,2021-07-19 17:36:20
0,1066.0,74,2021-07-26 17:54:47
0,958.0,74,2021-07-19 19:12:29
0,960.0,74,2021-07-12 16:47:09
0,833.0,74,2021-07-26 10:53:51
0,53.0,74,2021-07-05 10:26:37
0,55.0,74,2021-07-19 06:00:59
0,2416.0,74,2021-07-26 18:02:43
0,235.0,74,2021-07-19 18:53:28
0,2386.0,74,2021-07-26 18:03:13
0,739.0,74,2021-07-12 16:17:22
0,132.0,74,2021-07-19 12:30:56
0,1567.0,74,2021-07-19 13:36:07
0,79.0,74,2021-07-26 00:21:32
0,394.0,74,2021-07-05 06:10:14
0,985.0,74,2021-07-19 20:41:54
0,763.0,74,2021-07-26 13:29:04
0,199.0,74,2021-07-05 17:46:35
0,1019.0,74,2021-07-19 23:26:49
0,449.0,74,2021-07-12 10:51:38
0,407.0,74,2021-07-19 08:19:05
